[{
  "rawMolecule": {
    "index": 204,
    "name": "C10H22_0_RHF",
    "isUsing": true,
    "restricted": true,
    "charge": 0,
    "mult": 1,
    "nElectrons": 62,
    "datum": [
      -59.7,
      0.0,
      0.0
    ],
    "mats": [
      1,
      6
    ],
    "mnps": [
      [
        0,
        1,
        3,
        5,
        7
      ],
      [
        0,
        1,
        2,
        3,
        4,
        5,
        6,
        7
      ]
    ],
    "atoms": [
      {
        "name": "C",
        "Z": 6,
        "coords": [
          -0.004642565,
          0.202049324,
          0.112611734
        ]
      },
      {
        "name": "C",
        "Z": 6,
        "coords": [
          5.90023E-4,
          3.053671561,
          0.089948939
        ]
      },
      {
        "name": "C",
        "Z": 6,
        "coords": [
          4.30495E-4,
          4.222327141,
          2.71392537
        ]
      },
      {
        "name": "C",
        "Z": 6,
        "coords": [
          0.005722273,
          7.094064473,
          2.655577691
        ]
      },
      {
        "name": "C",
        "Z": 6,
        "coords": [
          0.005590832,
          8.25970815,
          5.280933081
        ]
      },
      {
        "name": "C",
        "Z": 6,
        "coords": [
          0.010870344,
          11.131595493,
          5.222141871
        ]
      },
      {
        "name": "C",
        "Z": 6,
        "coords": [
          0.010782195,
          12.297239107,
          7.847497292
        ]
      },
      {
        "name": "C",
        "Z": 6,
        "coords": [
          0.016048042,
          15.168976485,
          7.789149557
        ]
      },
      {
        "name": "C",
        "Z": 6,
        "coords": [
          0.016001516,
          16.337631902,
          10.413126065
        ]
      },
      {
        "name": "C",
        "Z": 6,
        "coords": [
          0.021192487,
          19.189254215,
          10.390463178
        ]
      },
      {
        "name": "H",
        "Z": 1,
        "coords": [
          1.6589845,
          -0.518485757,
          1.068846615
        ]
      },
      {
        "name": "H",
        "Z": 1,
        "coords": [
          -1.672574173,
          -0.512395478,
          1.065913204
        ]
      },
      {
        "name": "H",
        "Z": 1,
        "coords": [
          -0.004209867,
          -0.490176494,
          -1.815956242
        ]
      },
      {
        "name": "H",
        "Z": 1,
        "coords": [
          1.665358496,
          3.700066398,
          -0.931948748
        ]
      },
      {
        "name": "H",
        "Z": 1,
        "coords": [
          -1.660012689,
          3.70614506,
          -0.93485936
        ]
      },
      {
        "name": "H",
        "Z": 1,
        "coords": [
          -1.665960226,
          3.57595987,
          3.733315821
        ]
      },
      {
        "name": "H",
        "Z": 1,
        "coords": [
          1.662667415,
          3.569884262,
          3.736223034
        ]
      },
      {
        "name": "H",
        "Z": 1,
        "coords": [
          1.672129884,
          7.740141727,
          1.635916581
        ]
      },
      {
        "name": "H",
        "Z": 1,
        "coords": [
          -1.65655802,
          7.746216338,
          1.633051036
        ]
      },
      {
        "name": "H",
        "Z": 1,
        "coords": [
          -1.660841777,
          7.613684371,
          6.300581285
        ]
      },
      {
        "name": "H",
        "Z": 1,
        "coords": [
          1.667907116,
          7.607622256,
          6.303437718
        ]
      },
      {
        "name": "H",
        "Z": 1,
        "coords": [
          1.677286883,
          11.777619976,
          4.202467678
        ]
      },
      {
        "name": "H",
        "Z": 1,
        "coords": [
          -1.651462057,
          11.783680734,
          4.199663191
        ]
      },
      {
        "name": "H",
        "Z": 1,
        "coords": [
          -1.655598592,
          11.651148475,
          8.867193596
        ]
      },
      {
        "name": "H",
        "Z": 1,
        "coords": [
          1.673089419,
          11.64510054,
          8.869988809
        ]
      },
      {
        "name": "H",
        "Z": 1,
        "coords": [
          1.682386042,
          15.81535829,
          6.769682031
        ]
      },
      {
        "name": "H",
        "Z": 1,
        "coords": [
          -1.646241783,
          15.821404998,
          6.76692886
        ]
      },
      {
        "name": "H",
        "Z": 1,
        "coords": [
          -1.648706617,
          15.691213469,
          11.435107046
        ]
      },
      {
        "name": "H",
        "Z": 1,
        "coords": [
          1.676664794,
          15.685181814,
          11.437851197
        ]
      },
      {
        "name": "H",
        "Z": 1,
        "coords": [
          1.68905616,
          19.903722977,
          9.437060787
        ]
      },
      {
        "name": "H",
        "Z": 1,
        "coords": [
          -1.642502771,
          19.909765545,
          9.434329072
        ]
      },
      {
        "name": "H",
        "Z": 1,
        "coords": [
          0.020866708,
          19.881479878,
          12.319031229
        ]
      }
    ],
    "expGeom": [
      {
        "name": "C",
        "Z": 6,
        "coords": [
          0.0,
          -0.0,
          1.449611883
        ]
      },
      {
        "name": "C",
        "Z": 6,
        "coords": [
          0.0,
          0.0,
          -1.449611883
        ]
      },
      {
        "name": "C",
        "Z": 6,
        "coords": [
          0.0,
          -2.6582831909999998,
          2.606504589
        ]
      },
      {
        "name": "C",
        "Z": 6,
        "coords": [
          0.0,
          2.6582831909999998,
          -2.606504589
        ]
      },
      {
        "name": "C",
        "Z": 6,
        "coords": [
          0.0,
          -2.6582831909999998,
          5.505161435999999
        ]
      },
      {
        "name": "C",
        "Z": 6,
        "coords": [
          0.0,
          2.6582831909999998,
          -5.505161435999999
        ]
      },
      {
        "name": "C",
        "Z": 6,
        "coords": [
          0.0,
          -5.315054598000001,
          6.663754899
        ]
      },
      {
        "name": "C",
        "Z": 6,
        "coords": [
          0.0,
          5.315054598000001,
          -6.663754899
        ]
      },
      {
        "name": "C",
        "Z": 6,
        "coords": [
          0.0,
          -5.296157298,
          9.560522015999998
        ]
      },
      {
        "name": "C",
        "Z": 6,
        "coords": [
          0.0,
          5.296157298,
          -9.560522015999998
        ]
      },
      {
        "name": "H",
        "Z": 1,
        "coords": [
          1.6582380749999999,
          1.0448317169999999,
          2.1342610619999998
        ]
      },
      {
        "name": "H",
        "Z": 1,
        "coords": [
          -1.6582380749999999,
          1.0448317169999999,
          2.1342610619999998
        ]
      },
      {
        "name": "H",
        "Z": 1,
        "coords": [
          1.6582380749999999,
          -1.0448317169999999,
          -2.1342610619999998
        ]
      },
      {
        "name": "H",
        "Z": 1,
        "coords": [
          -1.6582380749999999,
          -1.0448317169999999,
          -2.1342610619999998
        ]
      },
      {
        "name": "H",
        "Z": 1,
        "coords": [
          -1.6582380749999999,
          -3.7033038809999996,
          1.9216664369999998
        ]
      },
      {
        "name": "H",
        "Z": 1,
        "coords": [
          1.6582380749999999,
          -3.7033038809999996,
          1.9216664369999998
        ]
      },
      {
        "name": "H",
        "Z": 1,
        "coords": [
          -1.6582380749999999,
          3.7033038809999996,
          -1.9216664369999998
        ]
      },
      {
        "name": "H",
        "Z": 1,
        "coords": [
          1.6582380749999999,
          3.7033038809999996,
          -1.9216664369999998
        ]
      },
      {
        "name": "H",
        "Z": 1,
        "coords": [
          1.6580491019999999,
          -1.6138294199999998,
          6.191511372
        ]
      },
      {
        "name": "H",
        "Z": 1,
        "coords": [
          -1.6580491019999999,
          -1.6138294199999998,
          6.191511372
        ]
      },
      {
        "name": "H",
        "Z": 1,
        "coords": [
          1.6580491019999999,
          1.6138294199999998,
          -6.191511372
        ]
      },
      {
        "name": "H",
        "Z": 1,
        "coords": [
          -1.6580491019999999,
          1.6138294199999998,
          -6.191511372
        ]
      },
      {
        "name": "H",
        "Z": 1,
        "coords": [
          -1.65729321,
          -6.358185558,
          5.979294693
        ]
      },
      {
        "name": "H",
        "Z": 1,
        "coords": [
          1.65729321,
          -6.358185558,
          5.979294693
        ]
      },
      {
        "name": "H",
        "Z": 1,
        "coords": [
          -1.65729321,
          6.358185558,
          -5.979294693
        ]
      },
      {
        "name": "H",
        "Z": 1,
        "coords": [
          1.65729321,
          6.358185558,
          -5.979294693
        ]
      },
      {
        "name": "H",
        "Z": 1,
        "coords": [
          0.0,
          -7.216122978,
          10.330964937
        ]
      },
      {
        "name": "H",
        "Z": 1,
        "coords": [
          1.669765428,
          -4.320867645,
          10.300540284
        ]
      },
      {
        "name": "H",
        "Z": 1,
        "coords": [
          -1.669765428,
          -4.320867645,
          10.300540284
        ]
      },
      {
        "name": "H",
        "Z": 1,
        "coords": [
          0.0,
          7.216122978,
          -10.330964937
        ]
      },
      {
        "name": "H",
        "Z": 1,
        "coords": [
          1.669765428,
          4.320867645,
          -10.300540284
        ]
      },
      {
        "name": "H",
        "Z": 1,
        "coords": [
          -1.669765428,
          4.320867645,
          -10.300540284
        ]
      }
    ]
  },
  "time": 112038,
  "isExpAvail": true,
  "hf": -72.68107362192899,
  "dipole": 5.700548570721816E-7,
  "ie": -11.608438352444669,
  "geomGradient": 707.1939209981188,
  "totalError": 193.0143112308785,
  "gradient": {
    "hf": [
      [
        -870.1531049410061,
        301.25920515975224,
        0.0,
        509.2798258051196,
        0.0,
        327.0647323977418,
        0.0,
        -507.3449715194982
      ],
      [
        -3146.054310603966,
        203.65084669671862,
        342.24478839104347,
        274.79070819964966,
        645.7198402774528,
        2257.34899247095,
        3545.0412831425087,
        -230.611350690681
      ]
    ],
    "dipole": null,
    "ie": null,
    "geom": [
      [
        5596.127398348472,
        -730.9644888664479,
        0.0,
        26.94453542062547,
        0.0,
        8026.999299772797,
        0.0,
        0.0
      ],
      [
        9655.693876311489,
        -474.2912210531358,
        -397.05383301225083,
        223.756741206671,
        -250.70123797377164,
        542.5245853984961,
        3192.1338802476384,
        0.0
      ]
    ],
    "total": [
      [
        22978.882668348415,
        -7871.995339938306,
        0.0,
        -13220.1304347368,
        0.0,
        -7934.991520134941,
        0.0,
        13171.76485402014
      ],
      [
        82347.51315428418,
        -5320.084023371087,
        -8912.927407238778,
        -7118.649365621271,
        -16781.648421928894,
        -58568.02725460423,
        -91815.65292633892,
        5987.165842736427
      ]
    ]
  },
  "hessian": [
    [
      1486310.9955695109,
      -524284.3205087411,
      0.0,
      -886304.6268743346,
      0.0,
      -569193.9301686944,
      0.0,
      882937.3811749974,
      5475108.870596159,
      -354415.54632598127,
      -595611.9290567585,
      -478220.9381937719,
      -1123752.509120095,
      -3928486.374570639,
      -6169469.773740275,
      401335.1732646697
    ],
    [
      -524284.3205087411,
      181633.6335559754,
      0.0,
      306726.0449824971,
      0.0,
      198044.72862233524,
      0.0,
      -305684.4015372917,
      0.0,
      122717.09776541684,
      206212.55365767865,
      165486.78308026865,
      389261.3944117329,
      1361497.3416406428,
      2138559.76544437,
      -138947.45523430174
    ],
    [
      0.0,
      0.0,
      0.0,
      0.0,
      0.0,
      0.0,
      0.0,
      0.0,
      0.0,
      0.0,
      0.0,
      0.0,
      0.0,
      0.0,
      0.0,
      0.0
    ],
    [
      -886304.6268743346,
      306726.0449824971,
      0.0,
      519790.23719468387,
      0.0,
      331321.13070678315,
      0.0,
      -516760.5634778738,
      0.0,
      0.0,
      0.0,
      279794.4102076144,
      656740.5769237666,
      2299269.7828885866,
      3611492.4142020755,
      -234891.16520977404
    ],
    [
      0.0,
      0.0,
      0.0,
      0.0,
      0.0,
      0.0,
      0.0,
      0.0,
      0.0,
      0.0,
      0.0,
      0.0,
      0.0,
      0.0,
      0.0,
      0.0
    ],
    [
      -569193.9301686944,
      198044.72862233524,
      0.0,
      331321.13070678315,
      0.0,
      100898.00442074193,
      0.0,
      -331863.49652169156,
      0.0,
      0.0,
      0.0,
      0.0,
      0.0,
      1497292.6061454928,
      2318988.257611636,
      -150847.04386026715
    ],
    [
      0.0,
      0.0,
      0.0,
      0.0,
      0.0,
      0.0,
      0.0,
      0.0,
      0.0,
      0.0,
      0.0,
      0.0,
      0.0,
      0.0,
      0.0,
      0.0
    ],
    [
      882937.3811749974,
      -305684.4015372917,
      0.0,
      -516760.5634778738,
      0.0,
      -331863.49652169156,
      0.0,
      514797.1313635935,
      0.0,
      0.0,
      0.0,
      0.0,
      0.0,
      0.0,
      0.0,
      233998.69608510926
    ],
    [
      5475108.870596159,
      0.0,
      0.0,
      0.0,
      0.0,
      0.0,
      0.0,
      0.0,
      1.9677699777530506E7,
      -1281392.6631497452,
      -2153440.4003614327,
      -1729012.1946371074,
      -4062937.518792751,
      -1.4203478571434971E7,
      -2.2305774635460693E7,
      1451031.005308323
    ],
    [
      -354415.54632598127,
      122717.09776541684,
      0.0,
      0.0,
      0.0,
      0.0,
      0.0,
      0.0,
      -1281392.6631497452,
      82969.9023233843,
      139403.09843746945,
      111861.31439899327,
      263063.8378104777,
      922224.9466256471,
      1445134.5008274075,
      -93927.1355218807
    ],
    [
      -595611.9290567585,
      206212.55365767865,
      0.0,
      0.0,
      0.0,
      0.0,
      0.0,
      0.0,
      -2153440.4003614327,
      139403.09843746945,
      234293.72751706978,
      188051.74138833536,
      442040.71615240537,
      1545579.3753790203,
      2432770.6765325274,
      -157848.8503855624
    ],
    [
      -478220.9381937719,
      165486.78308026865,
      0.0,
      279794.4102076144,
      0.0,
      0.0,
      0.0,
      0.0,
      -1729012.1946371074,
      111861.31439899327,
      188051.74138833536,
      151231.88642974128,
      354765.6038062996,
      1239473.7674185308,
      1947516.3707102183,
      -126741.21115196613
    ],
    [
      -1123752.509120095,
      389261.3944117329,
      0.0,
      656740.5769237666,
      0.0,
      0.0,
      0.0,
      0.0,
      -4062937.518792751,
      263063.8378104777,
      442040.71615240537,
      354765.6038062996,
      834977.4829912349,
      2916312.925008242,
      4578299.095010152,
      -297817.8457578906
    ],
    [
      -3928486.374570639,
      1361497.3416406428,
      0.0,
      2299269.7828885866,
      0.0,
      1497292.6061454928,
      0.0,
      0.0,
      -1.4203478571434971E7,
      922224.9466256471,
      1545579.3753790203,
      1239473.7674185308,
      2916312.925008242,
      1.018461672741978E7,
      1.601550394698279E7,
      -1041139.9978420377
    ],
    [
      -6169469.773740275,
      2138559.76544437,
      0.0,
      3611492.4142020755,
      0.0,
      2318988.257611636,
      0.0,
      0.0,
      -2.2305774635460693E7,
      1445134.5008274075,
      2432770.6765325274,
      1947516.3707102183,
      4578299.095010152,
      1.601550394698279E7,
      2.5150669228896733E7,
      -1635049.5187361958
    ],
    [
      401335.1732646697,
      -138947.45523430174,
      0.0,
      -234891.16520977404,
      0.0,
      -150847.04386026715,
      0.0,
      233998.69608510926,
      1451031.005308323,
      -93927.1355218807,
      -157848.8503855624,
      -126741.21115196613,
      -297817.8457578906,
      -1041139.9978420377,
      -1635049.5187361958,
      106363.22617756377
    ]
  ]
},
