[{
  "rawMolecule": {
    "index": 128,
    "name": "C8H10_0_RHF",
    "isUsing": true,
    "restricted": true,
    "charge": 0,
    "mult": 1,
    "nElectrons": 42,
    "datum": [
      7.2,
      0.0,
      8.8
    ],
    "mats": [
      1,
      6
    ],
    "mnps": [
      [
        0,
        1,
        3,
        5,
        7
      ],
      [
        0,
        1,
        2,
        3,
        4,
        5,
        6,
        7
      ]
    ],
    "atoms": [
      {
        "name": "C",
        "Z": 6,
        "coords": [
          -0.008840244,
          0.063089915,
          -1.78718E-4
        ]
      },
      {
        "name": "C",
        "Z": 6,
        "coords": [
          -0.023456741,
          5.367211776,
          6.66153E-4
        ]
      },
      {
        "name": "C",
        "Z": 6,
        "coords": [
          -0.010569063,
          1.384536769,
          2.276189494
        ]
      },
      {
        "name": "C",
        "Z": 6,
        "coords": [
          -0.010072951,
          1.385264449,
          -2.27612786
        ]
      },
      {
        "name": "C",
        "Z": 6,
        "coords": [
          -0.016569796,
          4.015891866,
          2.279845664
        ]
      },
      {
        "name": "C",
        "Z": 6,
        "coords": [
          -0.016072712,
          4.016617698,
          -2.278945555
        ]
      },
      {
        "name": "H",
        "Z": 1,
        "coords": [
          -0.004391486,
          -1.977624293,
          -5.04498E-4
        ]
      },
      {
        "name": "H",
        "Z": 1,
        "coords": [
          -0.005978022,
          0.367939239,
          4.046276595
        ]
      },
      {
        "name": "H",
        "Z": 1,
        "coords": [
          -0.005096193,
          0.36923073,
          -4.046537642
        ]
      },
      {
        "name": "H",
        "Z": 1,
        "coords": [
          -0.010598146,
          5.017315495,
          4.060637775
        ]
      },
      {
        "name": "H",
        "Z": 1,
        "coords": [
          -0.009712722,
          5.018611062,
          -4.059416002
        ]
      },
      {
        "name": "C",
        "Z": 6,
        "coords": [
          -0.007812329,
          8.200039478,
          0.00111833
        ]
      },
      {
        "name": "C",
        "Z": 6,
        "coords": [
          -2.613566029,
          9.376189647,
          0.001015536
        ]
      },
      {
        "name": "H",
        "Z": 1,
        "coords": [
          1.026055622,
          8.872011099,
          -1.677008843
        ]
      },
      {
        "name": "H",
        "Z": 1,
        "coords": [
          1.025682423,
          8.871478231,
          1.679688462
        ]
      },
      {
        "name": "H",
        "Z": 1,
        "coords": [
          -3.680376772,
          8.809497634,
          -1.683435069
        ]
      },
      {
        "name": "H",
        "Z": 1,
        "coords": [
          -2.429366477,
          11.441417242,
          0.001329337
        ]
      },
      {
        "name": "H",
        "Z": 1,
        "coords": [
          -3.680725235,
          8.809016687,
          1.685083546
        ]
      }
    ],
    "expGeom": [
      {
        "name": "C",
        "Z": 6,
        "coords": [
          0.0,
          -0.43917325199999996,
          0.9259677
        ]
      },
      {
        "name": "C",
        "Z": 6,
        "coords": [
          2.269187784,
          -0.442763739,
          -0.429346656
        ]
      },
      {
        "name": "C",
        "Z": 6,
        "coords": [
          2.274856974,
          -0.442763739,
          -3.062307465
        ]
      },
      {
        "name": "C",
        "Z": 6,
        "coords": [
          0.0,
          -0.44162990099999994,
          -4.389464844
        ]
      },
      {
        "name": "C",
        "Z": 6,
        "coords": [
          -2.274856974,
          -0.442763739,
          -3.062307465
        ]
      },
      {
        "name": "C",
        "Z": 6,
        "coords": [
          -2.269187784,
          -0.442763739,
          -0.429346656
        ]
      },
      {
        "name": "C",
        "Z": 6,
        "coords": [
          0.0,
          -0.36849735,
          3.7856961089999994
        ]
      },
      {
        "name": "C",
        "Z": 6,
        "coords": [
          0.0,
          2.341186497,
          4.843000044
        ]
      },
      {
        "name": "H",
        "Z": 1,
        "coords": [
          4.05158112,
          -0.454102119,
          0.5905406249999999
        ]
      },
      {
        "name": "H",
        "Z": 1,
        "coords": [
          4.0580062020000005,
          -0.452968281,
          -4.077092475000001
        ]
      },
      {
        "name": "H",
        "Z": 1,
        "coords": [
          0.0,
          -0.44881087499999994,
          -6.440199839999999
        ]
      },
      {
        "name": "H",
        "Z": 1,
        "coords": [
          -4.0580062020000005,
          -0.452968281,
          -4.077092475000001
        ]
      },
      {
        "name": "H",
        "Z": 1,
        "coords": [
          -4.05158112,
          -0.454102119,
          0.5905406249999999
        ]
      },
      {
        "name": "H",
        "Z": 1,
        "coords": [
          -1.660505751,
          -1.3795028999999999,
          4.499636102999999
        ]
      },
      {
        "name": "H",
        "Z": 1,
        "coords": [
          1.660505751,
          -1.3795028999999999,
          4.499636102999999
        ]
      },
      {
        "name": "H",
        "Z": 1,
        "coords": [
          1.6691985089999999,
          3.383561565,
          4.206161034
        ]
      },
      {
        "name": "H",
        "Z": 1,
        "coords": [
          -1.6691985089999999,
          3.383561565,
          4.206161034
        ]
      },
      {
        "name": "H",
        "Z": 1,
        "coords": [
          0.0,
          2.3287142789999997,
          6.911876447999999
        ]
      }
    ]
  },
  "time": 34456,
  "isExpAvail": true,
  "hf": 12.297477074164563,
  "dipole": 0.04336795914850326,
  "ie": -9.139138412392228,
  "geomGradient": 547.3231562924193,
  "totalError": 52.164328030906255,
  "gradient": {
    "hf": [
      [
        -436.29623980762744,
        138.02204963782822,
        0.0,
        225.1251144187354,
        0.0,
        196.03957585285653,
        0.0,
        -230.611350690681
      ],
      [
        -2578.51464568697,
        151.01904010864303,
        258.8356243199313,
        222.71747422899205,
        520.7250842531326,
        1568.7058380295755,
        2767.3485929325475,
        -184.4890805525448
      ]
    ],
    "dipole": null,
    "ie": [
      [
        0.0,
        0.05301056629604938,
        0.0,
        -0.512595532227937,
        0.0,
        1.0688654336498986,
        0.0,
        0.0
      ],
      [
        0.0,
        -0.026176485865448806,
        -0.14598706210102888,
        0.11589932697005928,
        -0.6033037947332733,
        -0.677029912100253,
        -2.8131207050430875,
        0.0
      ]
    ],
    "geom": [
      [
        115.90925851123757,
        30.594435429520672,
        0.0,
        -27.119120886709425,
        0.0,
        43.03611376599292,
        0.0,
        0.0
      ],
      [
        -408.9542517249356,
        3.778873178816866,
        -6.821603619755479,
        11.2902841920004,
        15.829167523406795,
        -878.5755187545874,
        -1236.4551560040127,
        0.0
      ]
    ],
    "total": [
      [
        -8889.823217375577,
        2819.493533101359,
        0.0,
        4554.057664834605,
        0.0,
        4072.0359962401694,
        0.0,
        -4702.144292751483
      ],
      [
        -52597.612520067225,
        3077.691578442858,
        5267.366784778365,
        4549.655642871668,
        10577.465057116984,
        31892.72206880446,
        56168.85600404306,
        -3761.715434201186
      ]
    ]
  },
  "hessian": [
    [
      773274.3839369505,
      -238991.15820768202,
      0.0,
      -392882.96903578157,
      0.0,
      -338233.2784440223,
      0.0,
      401048.5793241969,
      4499237.137279124,
      -263554.99836427043,
      -449669.55704694556,
      -388681.9570016087,
      -908757.9223341891,
      -2737668.483387097,
      -4829513.459990267,
      321966.24265452556
    ],
    [
      -238991.15820768202,
      75595.42415037868,
      0.0,
      124311.694453354,
      0.0,
      107958.24970045942,
      0.0,
      -127316.02094390837,
      0.0,
      84230.22034094174,
      142327.2540432663,
      1.44924291405026867E18,
      287483.27213179437,
      865503.4037656151,
      1526873.5581048531,
      -101852.81675603619
    ],
    [
      0.0,
      0.0,
      0.0,
      0.0,
      0.0,
      0.0,
      0.0,
      0.0,
      0.0,
      0.0,
      0.0,
      0.0,
      0.0,
      0.0,
      0.0,
      0.0
    ],
    [
      -392882.96903578157,
      124311.694453354,
      0.0,
      203421.35774626513,
      0.0,
      178088.03018851904,
      0.0,
      -208823.72165942797,
      0.0,
      0.0,
      0.0,
      202680.32488274912,
      470008.4677642735,
      1412525.6759507465,
      2491917.2183581395,
      -166126.7308281822
    ],
    [
      0.0,
      0.0,
      0.0,
      0.0,
      0.0,
      0.0,
      0.0,
      0.0,
      0.0,
      0.0,
      0.0,
      0.0,
      0.0,
      0.0,
      0.0,
      0.0
    ],
    [
      -338233.2784440223,
      107958.24970045942,
      0.0,
      178088.03018851904,
      0.0,
      192869.76226339902,
      0.0,
      -181284.5255881257,
      0.0,
      0.0,
      0.0,
      0.0,
      0.0,
      1220647.6002029376,
      2172929.9776052358,
      -144667.1127996524
    ],
    [
      0.0,
      0.0,
      0.0,
      0.0,
      0.0,
      0.0,
      0.0,
      0.0,
      0.0,
      0.0,
      0.0,
      0.0,
      0.0,
      0.0,
      0.0,
      0.0
    ],
    [
      401048.5793241969,
      -127316.02094390837,
      0.0,
      -208823.72165942797,
      0.0,
      -181284.5255881257,
      0.0,
      212728.33865623397,
      0.0,
      0.0,
      0.0,
      0.0,
      0.0,
      0.0,
      0.0,
      170182.67091771122
    ],
    [
      4499237.137279124,
      0.0,
      0.0,
      0.0,
      0.0,
      0.0,
      0.0,
      0.0,
      2.667045498266816E7,
      -1558526.8065206038,
      -2668854.545509021,
      -2297276.164390496,
      2.19463560529786624E18,
      -1.6179732052332839E7,
      -2.8542609654177796E7,
      1902832.2263602605
    ],
    [
      -263554.99836427043,
      84230.22034094174,
      0.0,
      0.0,
      0.0,
      0.0,
      0.0,
      0.0,
      -1558526.8065206038,
      89165.5630312016,
      4.7886592053356824E16,
      133778.62676861696,
      314793.4266416996,
      943880.5978788878,
      1673889.3077126704,
      -111444.92411858664
    ],
    [
      -449669.55704694556,
      142327.2540432663,
      0.0,
      0.0,
      0.0,
      0.0,
      0.0,
      0.0,
      -2668854.545509021,
      4.7886592053356824E16,
      267964.0930455207,
      230607.66568050894,
      539101.2775362469,
      1625096.092102467,
      2861424.964357866,
      -192188.55963117676
    ],
    [
      -388681.9570016087,
      1.44924291405026867E18,
      0.0,
      202680.32488274912,
      0.0,
      0.0,
      0.0,
      0.0,
      -2297276.164390496,
      133778.62676861696,
      230607.66568050894,
      199151.7463193304,
      464044.242635282,
      1398336.5014428273,
      2465823.8809206523,
      -164354.04908861528
    ],
    [
      -908757.9223341891,
      287483.27213179437,
      0.0,
      470008.4677642735,
      0.0,
      0.0,
      0.0,
      0.0,
      2.19463560529786624E18,
      314793.4266416996,
      539101.2775362469,
      464044.242635282,
      1084296.2352762697,
      3267280.2429442527,
      5760948.744937195,
      7.3470574798825687E18
    ],
    [
      -2737668.483387097,
      865503.4037656151,
      0.0,
      1412525.6759507465,
      0.0,
      1220647.6002029376,
      0.0,
      0.0,
      -1.6179732052332839E7,
      943880.5978788878,
      1625096.092102467,
      1398336.5014428273,
      3267280.2429442527,
      9847890.07674408,
      1.7359607966427576E7,
      -1161012.7956191718
    ],
    [
      -4829513.459990267,
      1526873.5581048531,
      0.0,
      2491917.2183581395,
      0.0,
      2172929.9776052358,
      0.0,
      0.0,
      -2.8542609654177796E7,
      1673889.3077126704,
      2861424.964357866,
      2465823.8809206523,
      5760948.744937195,
      1.7359607966427576E7,
      3.0626095845800593E7,
      -2042180.5974228848
    ],
    [
      321966.24265452556,
      -101852.81675603619,
      0.0,
      -166126.7308281822,
      0.0,
      -144667.1127996524,
      0.0,
      170182.67091771122,
      1902832.2263602605,
      -111444.92411858664,
      -192188.55963117676,
      -164354.04908861528,
      7.3470574798825687E18,
      -1161012.7956191718,
      -2042180.5974228848,
      136141.8184114882
    ]
  ]
},
