[{
  "rawMolecule": {
    "index": 204,
    "name": "H22C10_0_RHF",
    "isUsing": true,
    "restricted": true,
    "charge": 0,
    "mult": 1,
    "datum": [
      -59.7,
      0.0,
      0.0
    ],
    "atomicNumbers": [
      6,
      6,
      6,
      6,
      6,
      6,
      6,
      6,
      6,
      6,
      1,
      1,
      1,
      1,
      1,
      1,
      1,
      1,
      1,
      1,
      1,
      1,
      1,
      1,
      1,
      1,
      1,
      1,
      1,
      1,
      1,
      1
    ],
    "nElectrons": 62,
    "nOrbitals": 62,
    "nIntegrals": 36095,
    "nCoulombInts": 0,
    "nExchangeInts": 0,
    "mats": [
      1,
      6
    ],
    "mnps": [
      [
        0,
        1,
        3,
        5,
        7
      ],
      [
        0,
        1,
        2,
        3,
        4,
        5,
        6,
        7
      ]
    ],
    "atoms": [
      {
        "name": "C",
        "Z": 6,
        "coords": [
          0.002213841,
          0.013828579,
          1.437417757
        ]
      },
      {
        "name": "C",
        "Z": 6,
        "coords": [
          -0.001321792,
          -0.01382453,
          -1.437414978
        ]
      },
      {
        "name": "C",
        "Z": 6,
        "coords": [
          -0.002454563,
          -2.624195284,
          2.580325855
        ]
      },
      {
        "name": "C",
        "Z": 6,
        "coords": [
          0.002602342,
          2.624200346,
          -2.580323634
        ]
      },
      {
        "name": "C",
        "Z": 6,
        "coords": [
          0.001534368,
          -2.597016872,
          5.454980892
        ]
      },
      {
        "name": "C",
        "Z": 6,
        "coords": [
          -5.58774E-4,
          2.597016725,
          -5.4549797
        ]
      },
      {
        "name": "C",
        "Z": 6,
        "coords": [
          -0.004482457,
          -5.23358432,
          6.600930296
        ]
      },
      {
        "name": "C",
        "Z": 6,
        "coords": [
          0.002850399,
          5.233587457,
          -6.600930597
        ]
      },
      {
        "name": "C",
        "Z": 6,
        "coords": [
          -2.40895E-4,
          -5.240814933,
          9.454807153
        ]
      },
      {
        "name": "C",
        "Z": 6,
        "coords": [
          1.1123E-5,
          5.240808937,
          -9.454809432
        ]
      },
      {
        "name": "H",
        "Z": 1,
        "coords": [
          1.687415386,
          1.039252766,
          2.104080442
        ]
      },
      {
        "name": "H",
        "Z": 1,
        "coords": [
          -1.67665507,
          1.046935714,
          2.108174945
        ]
      },
      {
        "name": "H",
        "Z": 1,
        "coords": [
          1.67782979,
          -1.046487259,
          -2.108148166
        ]
      },
      {
        "name": "H",
        "Z": 1,
        "coords": [
          -1.686242688,
          -1.039694766,
          -2.104101803
        ]
      },
      {
        "name": "H",
        "Z": 1,
        "coords": [
          -1.687814827,
          -3.649485205,
          1.913838197
        ]
      },
      {
        "name": "H",
        "Z": 1,
        "coords": [
          1.676192709,
          -3.657473102,
          1.909279915
        ]
      },
      {
        "name": "H",
        "Z": 1,
        "coords": [
          -1.67667087,
          3.6567645,
          -1.909728361
        ]
      },
      {
        "name": "H",
        "Z": 1,
        "coords": [
          1.687341092,
          3.650207783,
          -1.913385521
        ]
      },
      {
        "name": "H",
        "Z": 1,
        "coords": [
          1.68736301,
          -1.57288883,
          6.121894786
        ]
      },
      {
        "name": "H",
        "Z": 1,
        "coords": [
          -1.676554352,
          -1.563268405,
          6.12652149
        ]
      },
      {
        "name": "H",
        "Z": 1,
        "coords": [
          1.678865205,
          1.565101044,
          -6.126017996
        ]
      },
      {
        "name": "H",
        "Z": 1,
        "coords": [
          -1.685060958,
          1.571048317,
          -6.122396119
        ]
      },
      {
        "name": "H",
        "Z": 1,
        "coords": [
          -1.688858117,
          -6.260909904,
          5.935376894
        ]
      },
      {
        "name": "H",
        "Z": 1,
        "coords": [
          1.67175332,
          -6.270873938,
          5.930359799
        ]
      },
      {
        "name": "H",
        "Z": 1,
        "coords": [
          -1.675019699,
          6.268787943,
          -5.931187772
        ]
      },
      {
        "name": "H",
        "Z": 1,
        "coords": [
          1.685601882,
          6.263011147,
          -5.934549233
        ]
      },
      {
        "name": "H",
        "Z": 1,
        "coords": [
          -0.007255241,
          -7.197746558,
          10.138951724
        ]
      },
      {
        "name": "H",
        "Z": 1,
        "coords": [
          1.688955668,
          -4.290638187,
          10.19245879
        ]
      },
      {
        "name": "H",
        "Z": 1,
        "coords": [
          -1.679286649,
          -4.276773371,
          10.197520721
        ]
      },
      {
        "name": "H",
        "Z": 1,
        "coords": [
          0.00223873,
          7.197732241,
          -10.138954795
        ]
      },
      {
        "name": "H",
        "Z": 1,
        "coords": [
          1.681972556,
          4.281196881,
          -10.196670852
        ]
      },
      {
        "name": "H",
        "Z": 1,
        "coords": [
          -1.686260418,
          4.286201233,
          -10.193314195
        ]
      }
    ],
    "expGeom": null
  },
  "time": 41231,
  "isExpAvail": false,
  "hf": -71.56486518919371,
  "dipole": 3.043965554087079E-5,
  "ie": -11.56889677893597,
  "geomGradient": 0.0,
  "totalError": 140.77502595774064,
  "gradient": {
    "hf": [
      [
        -965.314411760438,
        297.40408301662757,
        0.0,
        509.49968481806604,
        0.0,
        368.49607221640844,
        0.0,
        -507.3449715194982
      ],
      [
        -3104.002688623002,
        201.3733197181887,
        340.5211955420022,
        275.8567797488249,
        644.4339097153303,
        2260.120377276119,
        3562.073908125087,
        -230.611350690681
      ]
    ],
    "dipole": null,
    "ie": null,
    "geom": null,
    "total": [
      [
        22906.650721446844,
        -7057.31870341612,
        0.0,
        -12090.290148606075,
        0.0,
        -8744.312439190151,
        0.0,
        12039.159382988335
      ],
      [
        73657.14689481347,
        -4778.534582313424,
        -8080.476158337851,
        -6546.007006489817,
        -15292.242924234846,
        -53632.04717546155,
        -84527.05342769707,
        5472.345174085607
      ]
    ]
  },
  "hessian": [
    [
      1834571.8494674657,
      -574178.2175664412,
      0.0,
      -983657.0430161373,
      0.0,
      -711430.7772098982,
      0.0,
      979497.0818256843,
      5992690.863495227,
      -388778.0309196387,
      -657421.5495493263,
      -532578.2769796206,
      -1244165.546977456,
      -4363463.596600923,
      -6877058.400277747,
      445225.9462868824
    ],
    [
      -574178.2175664412,
      177002.80378448952,
      0.0,
      302940.5590677925,
      0.0,
      220118.36381352623,
      0.0,
      -301769.34886185336,
      0.0,
      119789.85358837235,
      202546.00464795658,
      164007.65940488782,
      383492.6733725297,
      1345610.2404597914,
      2121135.049237637,
      -137167.8858413361
    ],
    [
      0.0,
      0.0,
      0.0,
      0.0,
      0.0,
      0.0,
      0.0,
      0.0,
      0.0,
      0.0,
      0.0,
      0.0,
      0.0,
      0.0,
      0.0,
      0.0
    ],
    [
      -983657.0430161373,
      302940.5590677925,
      0.0,
      520141.88298926456,
      0.0,
      373866.3624790206,
      0.0,
      -516981.47150091245,
      0.0,
      0.0,
      0.0,
      281009.7745168605,
      655796.1252474342,
      2303072.9666061234,
      3630299.743526848,
      -234991.5779541334
    ],
    [
      0.0,
      0.0,
      0.0,
      0.0,
      0.0,
      0.0,
      0.0,
      0.0,
      0.0,
      0.0,
      0.0,
      0.0,
      0.0,
      0.0,
      0.0,
      0.0
    ],
    [
      -711430.7772098982,
      220118.36381352623,
      0.0,
      373866.3624790206,
      0.0,
      166703.39162374148,
      0.0,
      -373907.9612569185,
      0.0,
      0.0,
      0.0,
      0.0,
      0.0,
      1682330.3191631567,
      2625891.5320795495,
      -169958.1642060366
    ],
    [
      0.0,
      0.0,
      0.0,
      0.0,
      0.0,
      0.0,
      0.0,
      0.0,
      0.0,
      0.0,
      0.0,
      0.0,
      0.0,
      0.0,
      0.0,
      0.0
    ],
    [
      979497.0818256843,
      -301769.34886185336,
      0.0,
      -516981.47150091245,
      0.0,
      -373907.9612569185,
      0.0,
      514798.2487505942,
      0.0,
      0.0,
      0.0,
      0.0,
      0.0,
      0.0,
      0.0,
      233999.20397423557
    ],
    [
      5992690.863495227,
      0.0,
      0.0,
      0.0,
      0.0,
      0.0,
      0.0,
      0.0,
      1.91629937007383E7,
      -1250126.8957930733,
      -2113957.825840771,
      -1712520.7064782444,
      -4000649.9581068056,
      -1.4030842195497826E7,
      -2.211337829445256E7,
      1431636.7847277434
    ],
    [
      -388778.0309196387,
      119789.85358837235,
      0.0,
      0.0,
      0.0,
      0.0,
      0.0,
      0.0,
      -1250126.8957930733,
      81123.49039038236,
      137150.21925236215,
      111043.99873147486,
      259600.67061532754,
      912828.9212821983,
      1435754.3487858493,
      -92877.15468417446
    ],
    [
      -657421.5495493263,
      202546.00464795658,
      0.0,
      0.0,
      0.0,
      0.0,
      0.0,
      0.0,
      -2113957.825840771,
      137150.21925236215,
      231936.72046545544,
      187833.2595970278,
      438934.3815455504,
      1539645.8739996888,
      2431630.1828366704,
      -157053.67423834105
    ],
    [
      -532578.2769796206,
      164007.65940488782,
      0.0,
      281009.7745168605,
      0.0,
      0.0,
      0.0,
      0.0,
      -1712520.7064782444,
      111043.99873147486,
      187833.2595970278,
      152386.70805956644,
      355435.4773586965,
      1245880.1564207533,
      1964507.8913890757,
      -127231.08606223832
    ],
    [
      -1244165.546977456,
      383492.6733725297,
      0.0,
      655796.1252474342,
      0.0,
      0.0,
      0.0,
      0.0,
      -4000649.9581068056,
      259600.67061532754,
      438934.3815455504,
      355435.4773586965,
      831572.1425606171,
      2914018.853844027,
      4591191.343206447,
      -297226.59070102964
    ],
    [
      -4363463.596600923,
      1345610.2404597914,
      0.0,
      2303072.9666061234,
      0.0,
      1682330.3191631567,
      0.0,
      0.0,
      -1.4030842195497826E7,
      912828.9212821983,
      1539645.8739996888,
      1245880.1564207533,
      2914018.853844027,
      1.0214149219464162E7,
      1.6111269016837468E7,
      -1042414.7947924212
    ],
    [
      -6877058.400277747,
      2121135.049237637,
      0.0,
      3630299.743526848,
      0.0,
      2625891.5320795495,
      0.0,
      0.0,
      -2.211337829445256E7,
      1435754.3487858493,
      2431630.1828366704,
      1964507.8913890757,
      4591191.343206447,
      1.6111269016837468E7,
      2.5390549170697343E7,
      -1642906.8651268608
    ],
    [
      445225.9462868824,
      -137167.8858413361,
      0.0,
      -234991.5779541334,
      0.0,
      -169958.1642060366,
      0.0,
      233999.20397423557,
      1431636.7847277434,
      -92877.15468417446,
      -157053.67423834105,
      -127231.08606223832,
      -297226.59070102964,
      -1042414.7947924212,
      -1642906.8651268608,
      106363.22616846883
    ]
  ]
},
