[{
  "rawMolecule": {
    "index": 27,
    "name": "C3H5_1_RHF",
    "isUsing": true,
    "restricted": true,
    "charge": 1,
    "mult": 1,
    "nElectrons": 17,
    "datum": [
      237.0,
      0.0,
      0.0
    ],
    "mats": [
      1,
      6
    ],
    "mnps": [
      [
        0,
        1,
        3,
        5,
        7
      ],
      [
        0,
        1,
        2,
        3,
        4,
        5,
        6,
        7
      ]
    ],
    "atoms": [
      {
        "name": "C",
        "Z": 6,
        "coords": [
          -0.005441079,
          0.052823213,
          -0.00224134
        ]
      },
      {
        "name": "C",
        "Z": 6,
        "coords": [
          0.0012493,
          2.462027267,
          0.006652205
        ]
      },
      {
        "name": "C",
        "Z": 6,
        "coords": [
          0.009380434,
          5.127852453,
          0.013492353
        ]
      },
      {
        "name": "H",
        "Z": 1,
        "coords": [
          -0.009276453,
          5.734804585,
          -1.99272735
        ]
      },
      {
        "name": "H",
        "Z": 1,
        "coords": [
          1.737172799,
          5.872284862,
          0.89991594
        ]
      },
      {
        "name": "H",
        "Z": 1,
        "coords": [
          -1.697514498,
          5.881417538,
          0.932582446
        ]
      },
      {
        "name": "H",
        "Z": 1,
        "coords": [
          -0.013405178,
          -1.067995721,
          -1.729475867
        ]
      },
      {
        "name": "H",
        "Z": 1,
        "coords": [
          -0.003735618,
          -1.062794416,
          1.73004273
        ]
      }
    ],
    "expGeom": null
  },
  "time": 5349,
  "isExpAvail": false,
  "hf": 231.33895534788795,
  "dipole": 0.9177509887790094,
  "ie": -17.097755853720617,
  "geomGradient": 0.0,
  "totalError": 32.047426553206485,
  "gradient": {
    "hf": [
      [
        -210.71038121794066,
        69.67046301057356,
        0.0,
        98.60744480435382,
        0.0,
        148.00534208759169,
        0.0,
        -115.3056753453405
      ],
      [
        -838.4110449410899,
        57.43913833885952,
        94.24187926381826,
        85.00029524645892,
        185.37042105427682,
        564.3478912375099,
        938.0183400729982,
        -69.1834052072043
      ]
    ],
    "dipole": null,
    "ie": null,
    "geom": null,
    "total": [
      [
        2385.68175347663,
        -788.8152040723562,
        0.0,
        -1116.4422961362434,
        0.0,
        -1675.729700617952,
        0.0,
        1305.501153543817
      ],
      [
        9492.56472447087,
        -650.3310538302502,
        -1067.0149732228565,
        -962.3809336658237,
        -2098.780461538147,
        -6389.597223241641,
        -10620.327415306543,
        783.3006921262902
      ]
    ]
  },
  "hessian": [
    [
      85923.97315624112,
      -29360.57114311552,
      0.0,
      -41555.21254460837,
      0.0,
      -62372.50605408917,
      0.0,
      48592.19155378014,
      353323.71953700203,
      -24206.038466445534,
      -39715.47311721224,
      -35820.87886343288,
      -78118.9215649647,
      -237827.84976901894,
      -395300.2896560065,
      29155.31493272283
    ],
    [
      -29360.57114311552,
      9717.069768839792,
      0.0,
      13736.044536472036,
      0.0,
      20744.90008453722,
      0.0,
      -16066.802500063204,
      0.0,
      8005.986838952595,
      13131.986327152845,
      11834.333373599293,
      25843.390080808604,
      78808.73813519429,
      130976.20685584843,
      -9640.081499355801
    ],
    [
      0.0,
      0.0,
      0.0,
      0.0,
      0.0,
      0.0,
      0.0,
      0.0,
      0.0,
      0.0,
      0.0,
      0.0,
      0.0,
      0.0,
      0.0,
      0.0
    ],
    [
      -41555.21254460837,
      13736.044536472036,
      0.0,
      19557.031207568798,
      0.0,
      28996.943306083267,
      0.0,
      -22739.99427416129,
      0.0,
      0.0,
      0.0,
      16749.981654129442,
      36460.96883130667,
      111327.65750517137,
      185018.84671422886,
      -13643.996563814653
    ],
    [
      0.0,
      0.0,
      0.0,
      0.0,
      0.0,
      0.0,
      0.0,
      0.0,
      0.0,
      0.0,
      0.0,
      0.0,
      0.0,
      0.0,
      0.0,
      0.0
    ],
    [
      -62372.50605408917,
      20744.90008453722,
      0.0,
      28996.943306083267,
      0.0,
      32402.101419393148,
      0.0,
      -34131.690695176076,
      0.0,
      0.0,
      0.0,
      0.0,
      0.0,
      169835.60386506724,
      277971.51991762803,
      -20479.014417560393
    ],
    [
      0.0,
      0.0,
      0.0,
      0.0,
      0.0,
      0.0,
      0.0,
      0.0,
      0.0,
      0.0,
      0.0,
      0.0,
      0.0,
      0.0,
      0.0,
      0.0
    ],
    [
      48592.19155378014,
      -16066.802500063204,
      0.0,
      -22739.99427416129,
      0.0,
      -34131.690695176076,
      0.0,
      26590.788454541325,
      0.0,
      0.0,
      0.0,
      0.0,
      0.0,
      0.0,
      0.0,
      15954.473072952169
    ],
    [
      353323.71953700203,
      0.0,
      0.0,
      0.0,
      0.0,
      0.0,
      0.0,
      0.0,
      1393521.7437756364,
      -96315.20019297568,
      -158026.83901938508,
      -142530.34933744857,
      -310833.16584954446,
      -946310.8551881305,
      -1572889.6153632377,
      116008.24307720359
    ],
    [
      -24206.038466445534,
      8005.986838952595,
      0.0,
      0.0,
      0.0,
      0.0,
      0.0,
      0.0,
      -96315.20019297568,
      6601.471777685219,
      10828.030676748313,
      9755.947299936452,
      21301.304809639987,
      65155.74009426928,
      107928.04880111362,
      -7947.647768560273
    ],
    [
      -39715.47311721224,
      13131.986327152845,
      0.0,
      0.0,
      0.0,
      0.0,
      0.0,
      0.0,
      -158026.83901938508,
      10828.030676748313,
      17766.830846994708,
      16016.295612644171,
      34948.16058719152,
      106407.60270689498,
      177587.25509338547,
      -13039.909360941238
    ],
    [
      -35820.87886343288,
      11834.333373599293,
      0.0,
      16749.981654129442,
      0.0,
      0.0,
      0.0,
      0.0,
      -142530.34933744857,
      9755.947299936452,
      16016.295612644171,
      14477.92497174305,
      31498.432836087886,
      95785.38584719354,
      159349.37919155345,
      -11761.177636344655
    ],
    [
      -78118.9215649647,
      25843.390080808604,
      0.0,
      36460.96883130667,
      0.0,
      0.0,
      0.0,
      0.0,
      -310833.16584954446,
      21301.304809639987,
      34948.16058719152,
      31498.432836087886,
      68835.63098199375,
      209350.31567205442,
      347847.1119706228,
      -25649.06691645774
    ],
    [
      -237827.84976901894,
      78808.73813519429,
      0.0,
      111327.65750517137,
      0.0,
      169835.60386506724,
      0.0,
      0.0,
      -946310.8551881305,
      65155.74009426928,
      106407.60270689498,
      95785.38584719354,
      209350.31567205442,
      636354.8828539933,
      1059914.4108891778,
      -78087.00165696791
    ],
    [
      -395300.2896560065,
      130976.20685584843,
      0.0,
      185018.84671422886,
      0.0,
      277971.51991762803,
      0.0,
      0.0,
      -1572889.6153632377,
      107928.04880111362,
      177587.25509338547,
      159349.37919155345,
      347847.1119706228,
      1059914.4108891778,
      1761333.1379834563,
      -129790.58107703167
    ],
    [
      29155.31493272283,
      -9640.081499355801,
      0.0,
      -13643.996563814653,
      0.0,
      -20479.014417560393,
      0.0,
      15954.473072952169,
      116008.24307720359,
      -7947.647768560273,
      -13039.909360941238,
      -11761.177636344655,
      -25649.06691645774,
      -78087.00165696791,
      -129790.58107703167,
      9572.685653438384
    ]
  ]
},
{
  "rawMolecule": {
    "index": 57,
    "name": "C5H6_0_RHF",
    "isUsing": true,
    "restricted": true,
    "charge": 0,
    "mult": 1,
    "nElectrons": 26,
    "datum": [
      32.1,
      0.42,
      8.57
    ],
    "mats": [
      1,
      6
    ],
    "mnps": [
      [
        0,
        1,
        3,
        5,
        7
      ],
      [
        0,
        1,
        2,
        3,
        4,
        5,
        6,
        7
      ]
    ],
    "atoms": [
      {
        "name": "C",
        "Z": 6,
        "coords": [
          0.544889475,
          0.005870023,
          2.217485552
        ]
      },
      {
        "name": "C",
        "Z": 6,
        "coords": [
          0.545699867,
          0.004455287,
          -2.216284858
        ]
      },
      {
        "name": "C",
        "Z": 6,
        "coords": [
          2.325325488,
          0.008174031,
          9.24735E-4
        ]
      },
      {
        "name": "C",
        "Z": 6,
        "coords": [
          -1.864254154,
          0.001469804,
          1.384977289
        ]
      },
      {
        "name": "C",
        "Z": 6,
        "coords": [
          -1.863747961,
          5.87112E-4,
          -1.38465483
        ]
      },
      {
        "name": "H",
        "Z": 1,
        "coords": [
          3.522434019,
          1.701597755,
          6.02899E-4
        ]
      },
      {
        "name": "H",
        "Z": 1,
        "coords": [
          3.528096769,
          -1.681231925,
          0.001683843
        ]
      },
      {
        "name": "H",
        "Z": 1,
        "coords": [
          1.209869735,
          0.007642607,
          4.13169882
        ]
      },
      {
        "name": "H",
        "Z": 1,
        "coords": [
          1.211379807,
          0.005005815,
          -4.130255676
        ]
      },
      {
        "name": "H",
        "Z": 1,
        "coords": [
          -3.563620703,
          -0.001092097,
          2.490590059
        ]
      },
      {
        "name": "H",
        "Z": 1,
        "coords": [
          -3.562710374,
          -0.002677339,
          -2.490886756
        ]
      }
    ],
    "expGeom": [
      {
        "name": "C",
        "Z": 6,
        "coords": [
          0.5279905619999999,
          0.0,
          2.228180643
        ]
      },
      {
        "name": "C",
        "Z": 6,
        "coords": [
          0.5279905619999999,
          0.0,
          -2.228180643
        ]
      },
      {
        "name": "C",
        "Z": 6,
        "coords": [
          2.304903681,
          0.0,
          0.0
        ]
      },
      {
        "name": "C",
        "Z": 6,
        "coords": [
          -1.8710216729999998,
          0.0,
          1.392353064
        ]
      },
      {
        "name": "C",
        "Z": 6,
        "coords": [
          -1.8710216729999998,
          0.0,
          -1.392353064
        ]
      },
      {
        "name": "H",
        "Z": 1,
        "coords": [
          3.553448292,
          1.659371913,
          0.0
        ]
      },
      {
        "name": "H",
        "Z": 1,
        "coords": [
          3.553448292,
          -1.659371913,
          0.0
        ]
      },
      {
        "name": "H",
        "Z": 1,
        "coords": [
          1.1546250299999998,
          0.0,
          4.174980488999999
        ]
      },
      {
        "name": "H",
        "Z": 1,
        "coords": [
          1.1546250299999998,
          0.0,
          -4.174980488999999
        ]
      },
      {
        "name": "H",
        "Z": 1,
        "coords": [
          -3.564219753,
          0.0,
          2.5430096609999997
        ]
      },
      {
        "name": "H",
        "Z": 1,
        "coords": [
          -3.564219753,
          0.0,
          -2.5430096609999997
        ]
      }
    ]
  },
  "time": 23006,
  "isExpAvail": true,
  "hf": 31.6614927300743,
  "dipole": 0.27993957447775913,
  "ie": -8.90605803832818,
  "geomGradient": 450.5858107063719,
  "totalError": 29.280909324950564,
  "gradient": {
    "hf": [
      [
        -260.6666782238402,
        84.77464863192192,
        0.0,
        130.85907933900776,
        0.0,
        143.03807132409804,
        0.0,
        -138.3668104144086
      ],
      [
        -1586.126786287214,
        92.93893546888474,
        157.79041865367859,
        140.6999539637078,
        328.030478493055,
        957.2670715251799,
        1680.3976059368213,
        -115.3056753453405
      ]
    ],
    "dipole": [
      [
        0.0,
        -0.080441688354638,
        0.0,
        0.21975372999938447,
        0.0,
        -1.0347107203144073,
        0.0,
        0.0
      ],
      [
        0.0,
        -0.003595879819786722,
        -0.03611062633750562,
        0.016065113315176953,
        -0.2358188432403572,
        -0.11043309446302979,
        -0.7102810615470484,
        0.0
      ]
    ],
    "ie": [
      [
        0.0,
        0.040049955349712396,
        0.0,
        -0.443800904164755,
        0.0,
        0.9025980926202706,
        0.0,
        0.0
      ],
      [
        0.0,
        -0.025915290129667923,
        -0.09765525447158104,
        0.10878035314173529,
        -0.6649794489593132,
        -0.6074475837291469,
        -1.813537831780171,
        0.0
      ]
    ],
    "geom": [
      [
        3442.7372122536326,
        -504.1294599550383,
        0.0,
        56.87407110599452,
        0.0,
        4733.884368874897,
        0.0,
        0.0
      ],
      [
        -8766.58366621541,
        63.028232943906914,
        450.7215891180749,
        -87.15292949545983,
        30.279338147920498,
        -2148.7523611085635,
        634.5029095200516,
        0.0
      ]
    ],
    "total": [
      [
        609.2392904217145,
        -159.25307033409598,
        0.0,
        -281.47083185831093,
        0.0,
        134.74582165929368,
        0.0,
        242.69940913259742
      ],
      [
        2395.00288282337,
        -161.5733279066684,
        -259.3837159562072,
        -245.12902522611734,
        -592.3091689780327,
        -1802.4113020248258,
        -2961.753240563618,
        202.24950761049786
      ]
    ]
  },
  "hessian": [
    [
      271236.0402665581,
      -88391.63934908356,
      0.0,
      -136442.30596185024,
      0.0,
      -149140.92618141696,
      0.0,
      144270.36149811556,
      1653800.3886535082,
      -96904.26322038093,
      -164522.69638875805,
      -146703.05082802314,
      -342026.2097029081,
      -998109.7782474535,
      -1752093.3621517543,
      120225.30124852438
    ],
    [
      -88391.63934908356,
      28755.13756265491,
      0.0,
      44352.75156424723,
      0.0,
      48574.51722330097,
      0.0,
      -46920.268368921825,
      0.0,
      31515.991456672054,
      53509.068211496924,
      47709.871147390004,
      111250.5303456146,
      324640.6523658152,
      569901.8587893079,
      -39100.223640957665
    ],
    [
      0.0,
      0.0,
      0.0,
      0.0,
      0.0,
      0.0,
      0.0,
      0.0,
      0.0,
      0.0,
      0.0,
      0.0,
      0.0,
      0.0,
      0.0,
      0.0
    ],
    [
      -136442.30596185024,
      44352.75156424723,
      0.0,
      68593.1487311109,
      0.0,
      74591.40606584924,
      0.0,
      -72425.86262378836,
      0.0,
      0.0,
      0.0,
      73637.37611854049,
      171704.3050166467,
      501105.0208690904,
      879622.8701339714,
      -60354.88551987101
    ],
    [
      0.0,
      0.0,
      0.0,
      0.0,
      0.0,
      0.0,
      0.0,
      0.0,
      0.0,
      0.0,
      0.0,
      0.0,
      0.0,
      0.0,
      0.0,
      0.0
    ],
    [
      -149140.92618141696,
      48574.51722330097,
      0.0,
      74591.40606584924,
      0.0,
      80377.30273059651,
      0.0,
      -79166.86686002095,
      0.0,
      0.0,
      0.0,
      0.0,
      0.0,
      548067.6826141461,
      961697.3169704579,
      -65972.38904987535
    ],
    [
      0.0,
      0.0,
      0.0,
      0.0,
      0.0,
      0.0,
      0.0,
      0.0,
      0.0,
      0.0,
      0.0,
      0.0,
      0.0,
      0.0,
      0.0,
      0.0
    ],
    [
      144270.36149811556,
      -46920.268368921825,
      0.0,
      -72425.86262378836,
      0.0,
      -79166.86686002095,
      0.0,
      76581.47058975829,
      0.0,
      0.0,
      0.0,
      0.0,
      0.0,
      0.0,
      0.0,
      63817.89215822664
    ],
    [
      1653800.3886535082,
      0.0,
      0.0,
      0.0,
      0.0,
      0.0,
      0.0,
      0.0,
      1.0059159551551603E7,
      -589651.6812128994,
      -1001102.3385305862,
      -892671.774028031,
      -2081191.5066235543,
      -6073387.168112277,
      -1.06612935520252E7,
      731557.607990112
    ],
    [
      -96904.26322038093,
      31515.991456672054,
      0.0,
      0.0,
      0.0,
      0.0,
      0.0,
      0.0,
      -589651.6812128994,
      34551.17267805008,
      58659.88248615395,
      52302.87658577027,
      121952.16243753748,
      355958.15025772026,
      624756.8220987887,
      -42865.16989509437
    ],
    [
      -164522.69638875805,
      53509.068211496924,
      0.0,
      0.0,
      0.0,
      0.0,
      0.0,
      0.0,
      -1001102.3385305862,
      58659.88248615395,
      99595.38975692795,
      88800.6825951493,
      207063.41506297578,
      604218.4691477815,
      1060868.5178431189,
      -72776.46565256646
    ],
    [
      -146703.05082802314,
      47709.871147390004,
      0.0,
      73637.37611854049,
      0.0,
      0.0,
      0.0,
      0.0,
      -892671.774028031,
      52302.87658577027,
      88800.6825951493,
      79195.42359474007,
      184593.45656083315,
      538692.1780109333,
      945648.866945703,
      -64893.87092472043
    ],
    [
      -342026.2097029081,
      111250.5303456146,
      0.0,
      171704.3050166467,
      0.0,
      0.0,
      0.0,
      0.0,
      -2081191.5066235543,
      121952.16243753748,
      207063.41506297578,
      184593.45656083315,
      430568.5271640414,
      1256188.6931712253,
      2205284.2078937828,
      -151295.03176353866
    ],
    [
      -998109.7782474535,
      324640.6523658152,
      0.0,
      501105.0208690904,
      0.0,
      548067.6826141461,
      0.0,
      0.0,
      -6073387.168112277,
      355958.15025772026,
      604218.4691477815,
      538692.1780109333,
      1256188.6931712253,
      3665272.2153280596,
      6434979.694790855,
      -441513.4313299518
    ],
    [
      -1752093.3621517543,
      569901.8587893079,
      0.0,
      879622.8701339714,
      0.0,
      961697.3169704579,
      0.0,
      0.0,
      -1.06612935520252E7,
      624756.8220987887,
      1060868.5178431189,
      945648.866945703,
      2205284.2078937828,
      6434979.694790855,
      1.1296539680161005E7,
      -775037.0562953891
    ],
    [
      120225.30124852438,
      -39100.223640957665,
      0.0,
      -60354.88551987101,
      0.0,
      -65972.38904987535,
      0.0,
      63817.89215822664,
      731557.607990112,
      -42865.16989509437,
      -72776.46565256646,
      -64893.87092472043,
      -151295.03176353866,
      -441513.4313299518,
      -775037.0562953891,
      53181.60097857572
    ]
  ]
},
