[{
  "rawMolecule": {
    "index": 189,
    "name": "C10H16_0_RHF",
    "isUsing": true,
    "restricted": true,
    "charge": 0,
    "mult": 1,
    "nElectrons": 56,
    "datum": [
      -31.9,
      0.0,
      9.6
    ],
    "mats": [
      1,
      6
    ],
    "mnps": [
      [
        0,
        1,
        3,
        5,
        7
      ],
      [
        0,
        1,
        2,
        3,
        4,
        5,
        6,
        7
      ]
    ],
    "atoms": [
      {
        "name": "C",
        "Z": 6,
        "coords": [
          0.009529528,
          0.023759273,
          0.013726436
        ]
      },
      {
        "name": "C",
        "Z": 6,
        "coords": [
          0.009734574,
          4.768882265,
          0.013535119
        ]
      },
      {
        "name": "C",
        "Z": 6,
        "coords": [
          0.009411118,
          2.396486232,
          4.123027839
        ]
      },
      {
        "name": "C",
        "Z": 6,
        "coords": [
          3.883934868,
          2.396208606,
          1.383637467
        ]
      },
      {
        "name": "C",
        "Z": 6,
        "coords": [
          2.916137103,
          0.022622814,
          0.013299432
        ]
      },
      {
        "name": "C",
        "Z": 6,
        "coords": [
          2.91634216,
          4.769767279,
          0.013107883
        ]
      },
      {
        "name": "C",
        "Z": 6,
        "coords": [
          -0.959832034,
          4.7700448,
          2.753664561
        ]
      },
      {
        "name": "C",
        "Z": 6,
        "coords": [
          -0.960036918,
          0.02290076,
          2.7538559
        ]
      },
      {
        "name": "C",
        "Z": 6,
        "coords": [
          2.916018464,
          2.396361221,
          4.124350603
        ]
      },
      {
        "name": "C",
        "Z": 6,
        "coords": [
          -0.959713238,
          2.396307138,
          -1.357387034
        ]
      },
      {
        "name": "H",
        "Z": 1,
        "coords": [
          3.622329911,
          4.075010511,
          5.123169262
        ]
      },
      {
        "name": "H",
        "Z": 1,
        "coords": [
          3.622185828,
          0.717732002,
          5.123305649
        ]
      },
      {
        "name": "H",
        "Z": 1,
        "coords": [
          -0.295296851,
          2.396199028,
          -3.325363027
        ]
      },
      {
        "name": "H",
        "Z": 1,
        "coords": [
          -3.036607818,
          2.39639568,
          -1.387185088
        ]
      },
      {
        "name": "H",
        "Z": 1,
        "coords": [
          3.622534199,
          -0.003196174,
          -1.93983045
        ]
      },
      {
        "name": "H",
        "Z": 1,
        "coords": [
          3.622305105,
          -1.681716842,
          0.967726454
        ]
      },
      {
        "name": "H",
        "Z": 1,
        "coords": [
          3.622657255,
          6.474123278,
          0.967396979
        ]
      },
      {
        "name": "H",
        "Z": 1,
        "coords": [
          3.62274137,
          4.795367309,
          -1.94002404
        ]
      },
      {
        "name": "H",
        "Z": 1,
        "coords": [
          -0.295501204,
          6.474404048,
          3.737637454
        ]
      },
      {
        "name": "H",
        "Z": 1,
        "coords": [
          -3.036727936,
          4.795844034,
          2.768394681
        ]
      },
      {
        "name": "H",
        "Z": 1,
        "coords": [
          -3.0369351,
          -0.002718358,
          2.768588494
        ]
      },
      {
        "name": "H",
        "Z": 1,
        "coords": [
          -0.295852756,
          -1.681436254,
          3.737966137
        ]
      },
      {
        "name": "H",
        "Z": 1,
        "coords": [
          -0.682876614,
          -1.672240577,
          -0.965423274
        ]
      },
      {
        "name": "H",
        "Z": 1,
        "coords": [
          -0.682525066,
          6.464863348,
          -0.965750564
        ]
      },
      {
        "name": "H",
        "Z": 1,
        "coords": [
          -0.683078994,
          2.396595258,
          6.081351928
        ]
      },
      {
        "name": "H",
        "Z": 1,
        "coords": [
          5.961090555,
          2.396118791,
          1.383749276
        ]
      }
    ],
    "expGeom": null
  },
  "time": 36596,
  "isExpAvail": false,
  "hf": -31.360323047235532,
  "dipole": 2.25176450670346E-7,
  "ie": -10.895671778708953,
  "geomGradient": 0.0,
  "totalError": 168.16778702762753,
  "gradient": {
    "hf": [
      [
        -709.9013997360464,
        217.448162365741,
        0.0,
        367.26752675675635,
        0.0,
        294.91643778516135,
        0.0,
        -368.9781611050896
      ],
      [
        -3414.3598420253884,
        190.08488198027686,
        335.95525693121806,
        280.1169411416485,
        644.0390959694082,
        2191.430455385965,
        3732.931452841659,
        -230.611350690681
      ]
    ],
    "dipole": null,
    "ie": [
      [
        0.0,
        0.08854711903214449,
        0.0,
        -1.0178624072410758,
        0.0,
        3.1604202631109755,
        0.0,
        0.0
      ],
      [
        0.0,
        -0.022186499538128204,
        -0.10178417412408977,
        0.12001839322802942,
        -0.1021559859591303,
        -0.7442856300764689,
        -0.7033966205065701,
        0.0
      ]
    ],
    "geom": null,
    "total": [
      [
        -1532.4696966911158,
        492.352647242291,
        0.0,
        529.0601596235094,
        0.0,
        1455.6118866107522,
        0.0,
        -796.5160384873246
      ],
      [
        -7370.605260742507,
        404.588435230858,
        698.8534609170166,
        635.7915178584235,
        1363.8201014891215,
        4537.788064194041,
        7876.0340553069545,
        -497.82252405457785
      ]
    ]
  },
  "hessian": [
    [
      2017808.096754834,
      -617464.4008711994,
      0.0,
      -1042890.500161775,
      0.0,
      -837442.8234901644,
      0.0,
      1047748.008365943,
      9695394.203308752,
      -539763.8057797849,
      -953976.3824807324,
      -795418.2610126282,
      -1828809.2672742095,
      -6222771.796701636,
      -1.0600008094725126E7,
      654842.5052278617
    ],
    [
      -617464.4008711994,
      189141.377809392,
      0.0,
      319441.5814493823,
      0.0,
      256450.8979958191,
      0.0,
      -320951.822313873,
      0.0,
      165341.95442886814,
      292227.2484511268,
      243663.96068671747,
      560208.126546513,
      1906086.5526716954,
      3246887.8296003826,
      -200594.88894673905
    ],
    [
      0.0,
      0.0,
      0.0,
      0.0,
      0.0,
      0.0,
      0.0,
      0.0,
      0.0,
      0.0,
      0.0,
      0.0,
      0.0,
      0.0,
      0.0,
      0.0
    ],
    [
      -1042890.500161775,
      319441.5814493823,
      0.0,
      539725.9484038841,
      0.0,
      432725.9966771635,
      0.0,
      -542084.9310564791,
      0.0,
      0.0,
      0.0,
      411517.52119617414,
      946257.4118583689,
      3219662.39583162,
      5484342.296849718,
      -338803.0819104415
    ],
    [
      0.0,
      0.0,
      0.0,
      0.0,
      0.0,
      0.0,
      0.0,
      0.0,
      0.0,
      0.0,
      0.0,
      0.0,
      0.0,
      0.0,
      0.0,
      0.0
    ],
    [
      -837442.8234901644,
      256450.8979958191,
      0.0,
      432725.9966771635,
      0.0,
      355393.10988042416,
      0.0,
      -435293.12236046285,
      0.0,
      0.0,
      0.0,
      0.0,
      0.0,
      2583718.658443104,
      4403273.78360962,
      -272058.20147514716
    ],
    [
      0.0,
      0.0,
      0.0,
      0.0,
      0.0,
      0.0,
      0.0,
      0.0,
      0.0,
      0.0,
      0.0,
      0.0,
      0.0,
      0.0,
      0.0,
      0.0
    ],
    [
      1047748.008365943,
      -320951.822313873,
      0.0,
      -542084.9310564791,
      0.0,
      -435293.12236046285,
      0.0,
      544562.0111254357,
      0.0,
      0.0,
      0.0,
      0.0,
      0.0,
      0.0,
      0.0,
      340351.2569531131
    ],
    [
      9695394.203308752,
      0.0,
      0.0,
      0.0,
      0.0,
      0.0,
      0.0,
      0.0,
      4.664290919317864E7,
      -2596065.4138430073,
      -4588275.5853619985,
      -3825669.3286973587,
      -8795900.047289252,
      -2.992924399091862E7,
      -5.09821409046981E7,
      3149551.639031074
    ],
    [
      -539763.8057797849,
      165341.95442886814,
      0.0,
      0.0,
      0.0,
      0.0,
      0.0,
      0.0,
      -2596065.4138430073,
      144535.88180913357,
      255456.19170770806,
      213004.02840779498,
      489716.03578593204,
      1666100.861175437,
      2838345.7521067616,
      -175354.33408966128
    ],
    [
      -953976.3824807324,
      292227.2484511268,
      0.0,
      0.0,
      0.0,
      0.0,
      0.0,
      0.0,
      -4588275.5853619985,
      255456.19170770806,
      451477.2572201764,
      376440.71702402475,
      865502.5521898097,
      2944952.847919922,
      5015982.461754902,
      -309910.5209469144
    ],
    [
      -795418.2610126282,
      243663.96068671747,
      0.0,
      411517.52119617414,
      0.0,
      0.0,
      0.0,
      0.0,
      -3825669.3286973587,
      213004.02840779498,
      376440.71702402475,
      313855.9332523983,
      721655.7372112221,
      2455616.2561111706,
      4182833.013655909,
      -258400.51906811824
    ],
    [
      -1828809.2672742095,
      560208.126546513,
      0.0,
      946257.4118583689,
      0.0,
      0.0,
      0.0,
      0.0,
      -8795900.047289252,
      489716.03578593204,
      865502.5521898097,
      721655.7372112221,
      1659118.4927892755,
      5645477.209591263,
      9616739.69025469,
      -594100.6726988008
    ],
    [
      -6222771.796701636,
      1906086.5526716954,
      0.0,
      3219662.39583162,
      0.0,
      2583718.658443104,
      0.0,
      0.0,
      -2.992924399091862E7,
      1666100.861175437,
      2944952.847919922,
      2455616.2561111706,
      5645477.209591263,
      1.920935576436932E7,
      3.272119201105852E7,
      -2021492.9387140046
    ],
    [
      -1.0600008094725126E7,
      3246887.8296003826,
      0.0,
      5484342.296849718,
      0.0,
      4403273.78360962,
      0.0,
      0.0,
      -5.09821409046981E7,
      2838345.7521067616,
      5015982.461754902,
      4182833.013655909,
      9616739.69025469,
      3.272119201105852E7,
      5.5736689884251975E7,
      -3443434.668844816
    ],
    [
      654842.5052278617,
      -200594.88894673905,
      0.0,
      -338803.0819104415,
      0.0,
      -272058.20147514716,
      0.0,
      340351.2569531131,
      3149551.639031074,
      -175354.33408966128,
      -309910.5209469144,
      -258400.51906811824,
      -594100.6726988008,
      -2021492.9387140046,
      -3443434.668844816,
      212726.4522857786
    ]
  ]
},
