[
  {
    "rawMolecule": {
      "index": 189,
      "name": "C10H16_0_RHF",
      "isUsing": true,
      "restricted": true,
      "charge": 0,
      "mult": 1,
      "nElectrons": 56,
      "datum": [
        -31.9,
        0.0,
        9.6
      ],
      "mats": [
        1,
        6
      ],
      "mnps": [
        [
          0,
          1,
          3,
          5,
          7
        ],
        [
          0,
          1,
          2,
          3,
          4,
          5,
          6,
          7
        ]
      ],
      "atoms": [
        {
          "name": "C",
          "Z": 6,
          "coords": [
            0.009567234,
            0.023757083,
            0.013738478
          ]
        },
        {
          "name": "C",
          "Z": 6,
          "coords": [
            0.009772275,
            4.768880075,
            0.01354712
          ]
        },
        {
          "name": "C",
          "Z": 6,
          "coords": [
            0.009448826,
            2.396484077,
            4.123039861
          ]
        },
        {
          "name": "C",
          "Z": 6,
          "coords": [
            3.883972573,
            2.396206431,
            1.383649483
          ]
        },
        {
          "name": "C",
          "Z": 6,
          "coords": [
            2.916174809,
            0.022620627,
            0.013311471
          ]
        },
        {
          "name": "C",
          "Z": 6,
          "coords": [
            2.916379864,
            4.769765089,
            0.013119883
          ]
        },
        {
          "name": "C",
          "Z": 6,
          "coords": [
            -0.959794327,
            4.770042628,
            2.753676567
          ]
        },
        {
          "name": "C",
          "Z": 6,
          "coords": [
            -0.959999208,
            0.022898593,
            2.753867941
          ]
        },
        {
          "name": "C",
          "Z": 6,
          "coords": [
            2.916056173,
            2.396359069,
            4.12436262
          ]
        },
        {
          "name": "C",
          "Z": 6,
          "coords": [
            -0.959675539,
            2.396304933,
            -1.357375013
          ]
        },
        {
          "name": "H",
          "Z": 1,
          "coords": [
            3.62236762,
            4.075008369,
            5.123181266
          ]
        },
        {
          "name": "H",
          "Z": 1,
          "coords": [
            3.622223543,
            0.717729855,
            5.123317679
          ]
        },
        {
          "name": "H",
          "Z": 1,
          "coords": [
            -0.295259152,
            2.39619681,
            -3.325351005
          ]
        },
        {
          "name": "H",
          "Z": 1,
          "coords": [
            -3.036570114,
            2.396393476,
            -1.387173066
          ]
        },
        {
          "name": "H",
          "Z": 1,
          "coords": [
            3.622571899,
            -0.003198377,
            -1.939818413
          ]
        },
        {
          "name": "H",
          "Z": 1,
          "coords": [
            3.622342813,
            -1.681719021,
            0.967738504
          ]
        },
        {
          "name": "H",
          "Z": 1,
          "coords": [
            3.622694961,
            6.474121096,
            0.967408956
          ]
        },
        {
          "name": "H",
          "Z": 1,
          "coords": [
            3.62277907,
            4.795365099,
            -1.940012049
          ]
        },
        {
          "name": "H",
          "Z": 1,
          "coords": [
            -0.295463497,
            6.474401889,
            3.737649445
          ]
        },
        {
          "name": "H",
          "Z": 1,
          "coords": [
            -3.036690231,
            4.795841863,
            2.76840669
          ]
        },
        {
          "name": "H",
          "Z": 1,
          "coords": [
            -3.03689739,
            -0.002720531,
            2.768600542
          ]
        },
        {
          "name": "H",
          "Z": 1,
          "coords": [
            -0.29581504,
            -1.681438414,
            3.737978195
          ]
        },
        {
          "name": "H",
          "Z": 1,
          "coords": [
            -0.682838907,
            -1.672242774,
            -0.965411215
          ]
        },
        {
          "name": "H",
          "Z": 1,
          "coords": [
            -0.682487369,
            6.464861149,
            -0.965738575
          ]
        },
        {
          "name": "H",
          "Z": 1,
          "coords": [
            -0.683041284,
            2.396593117,
            6.081363949
          ]
        },
        {
          "name": "H",
          "Z": 1,
          "coords": [
            5.961128259,
            2.396116617,
            1.383761292
          ]
        }
      ]
    },
    "time": 44295,
    "isExpAvail": false,
    "hf": -31.36032304603477,
    "dipole": 2.247386370019444E-7,
    "ie": -10.895671778303464,
    "geomGradient": 0.0,
    "totalError": 168.16778692384747,
    "gradient": {
      "hf": [
        [
          -709.901399363344,
          217.4481623136513,
          0.0,
          367.2675267596792,
          0.0,
          294.91644318117784,
          0.0,
          -368.9781611050896
        ],
        [
          -3414.3598426518056,
          190.08488197936867,
          335.95525695406064,
          280.1169411363898,
          644.0390959717447,
          2191.4304584438146,
          3732.931450971407,
          -230.611350690681
        ]
      ],
      "ie": [
        [
          0.0,
          0.08854711875052931,
          0.0,
          -1.0178624076925007,
          0.0,
          3.1604202628514857,
          0.0,
          0.0
        ],
        [
          0.0,
          -0.022186499548595858,
          -0.1017841740586764,
          0.12001839324477606,
          -0.10215598557857569,
          -0.7442856291823479,
          -0.7033966204632314,
          0.0
        ]
      ],
      "total": [
        [
          -1532.469699296246,
          492.35264809410023,
          0.0,
          529.0601613593867,
          0.0,
          1455.6118993521254,
          0.0,
          -796.516040259542
        ],
        [
          -7370.605278494071,
          404.58843614097003,
          698.85346260514,
          635.7915191870911,
          1363.820104694411,
          4537.788081612633,
          7876.034069267324,
          -497.82252516221376
        ]
      ]
    },
    "hessian": [
      [
        2017815.8382600488,
        -617466.7722387995,
        0.0,
        -1042894.5062619733,
        0.0,
        -837446.0537015693,
        0.0,
        1047752.0326423929,
        9695431.443960844,
        -539765.8789871684,
        -953980.0467291571,
        -795421.3159848677,
        -1828816.2918724993,
        -6222795.707290061,
        -1.0600048803707978E7,
        654845.0204019218
      ],
      [
        -617466.7722387995,
        189134.44537190572,
        0.0,
        319429.8727225942,
        0.0,
        256441.50004382027,
        0.0,
        -320940.0591629219,
        0.0,
        165335.89441792175,
        292216.53786294156,
        243655.03064586848,
        560187.5927663968,
        1906016.6907092936,
        3246768.820399666,
        -200587.53697696832
      ],
      [
        0.0,
        0.0,
        0.0,
        0.0,
        0.0,
        0.0,
        0.0,
        0.0,
        0.0,
        0.0,
        0.0,
        0.0,
        0.0,
        0.0,
        0.0,
        0.0
      ],
      [
        -1042894.5062619733,
        319429.8727225942,
        0.0,
        539693.3068800536,
        0.0,
        432699.8044462016,
        0.0,
        -542052.1179462412,
        0.0,
        0.0,
        0.0,
        411492.6068314162,
        946200.0692860784,
        3219467.5385562736,
        5484010.469135683,
        -338782.57371611655
      ],
      [
        0.0,
        0.0,
        0.0,
        0.0,
        0.0,
        0.0,
        0.0,
        0.0,
        0.0,
        0.0,
        0.0,
        0.0,
        0.0,
        0.0,
        0.0,
        0.0
      ],
      [
        -837446.0537015693,
        256441.50004382027,
        0.0,
        432699.8044462016,
        0.0,
        -2.21578023895841741E18,
        0.0,
        1.0771270416737114E16,
        0.0,
        0.0,
        0.0,
        0.0,
        0.0,
        -1.74178607309295328E17,
        -6.0699013395377997E17,
        6.732044010460695E15
      ],
      [
        0.0,
        0.0,
        0.0,
        0.0,
        0.0,
        0.0,
        0.0,
        0.0,
        0.0,
        0.0,
        0.0,
        0.0,
        0.0,
        0.0,
        0.0,
        0.0
      ],
      [
        1047752.0326423929,
        -320940.0591629219,
        0.0,
        -542052.1179462412,
        0.0,
        1.0771270416737114E16,
        0.0,
        544582.4419314249,
        0.0,
        0.0,
        0.0,
        0.0,
        0.0,
        0.0,
        0.0,
        340364.0262075669
      ],
      [
        9695431.443960844,
        0.0,
        0.0,
        0.0,
        0.0,
        0.0,
        0.0,
        0.0,
        4.6643010892030366E7,
        -2596071.0752099203,
        -4588285.591601107,
        -3825677.6711318707,
        -8795919.229260108,
        -2.9929309301805917E7,
        -5.098225205902964E7,
        3149558.5073543
      ],
      [
        -539765.8789871684,
        165335.89441792175,
        0.0,
        0.0,
        0.0,
        0.0,
        0.0,
        0.0,
        -2596071.0752099203,
        144532.37338216242,
        255449.99112298683,
        212998.8581714315,
        489704.1485492082,
        1666060.416464461,
        2838276.8526807926,
        -175350.07768231028
      ],
      [
        -953980.0467291571,
        292216.53786294156,
        0.0,
        0.0,
        0.0,
        0.0,
        0.0,
        0.0,
        -4588285.591601107,
        255449.99112298683,
        451473.1962194674,
        376437.28370994725,
        865494.9194692563,
        2944927.135085891,
        5015938.758806442,
        -309907.8123210575
      ],
      [
        -795421.3159848677,
        243655.03064586848,
        0.0,
        411492.6068314162,
        0.0,
        0.0,
        0.0,
        0.0,
        -3825677.6711318707,
        212998.8581714315,
        376437.28370994725,
        313849.0364426616,
        721639.4945385219,
        2455561.050810502,
        4182738.6967906933,
        -258394.71484687238
      ],
      [
        -1828816.2918724993,
        560187.5927663968,
        0.0,
        946200.0692860784,
        0.0,
        0.0,
        0.0,
        0.0,
        -8795919.229260108,
        489704.1485492082,
        865494.9194692563,
        721639.4945385219,
        1659093.6379429877,
        5645392.647447807,
        9616595.623392642,
        -594091.7729139983
      ],
      [
        -6222795.707290061,
        1906016.6907092936,
        0.0,
        3219467.5385562736,
        0.0,
        -1.74178607309295328E17,
        0.0,
        0.0,
        -2.9929309301805917E7,
        1666060.416464461,
        2944927.135085891,
        2455561.050810502,
        5645392.647447807,
        1.920913588534859E7,
        3.272096114399574E7,
        -2021479.3955852885
      ],
      [
        -1.0600048803707978E7,
        3246768.820399666,
        0.0,
        5484010.469135683,
        0.0,
        -6.0699013395377997E17,
        0.0,
        0.0,
        -5.098225205902964E7,
        2838276.8526807926,
        5015938.758806442,
        4182738.6967906933,
        9616595.623392642,
        3.272096114399574E7,
        5.573664907161401E7,
        -3443424.9951863196
      ],
      [
        654845.0204019218,
        -200587.53697696832,
        0.0,
        -338782.57371611655,
        0.0,
        6.732044010460695E15,
        0.0,
        340364.0262075669,
        3149558.5073543,
        -175350.07768231028,
        -309907.8123210575,
        -258394.71484687238,
        -594091.7729139983,
        -2021479.3955852885,
        -3443424.9951863196,
        212733.8042561178
      ]
    ]
  },
  {
    "rawMolecule": {
      "index": 27,
      "name": "C3H5_1_RHF",
      "isUsing": true,
      "restricted": true,
      "charge": 1,
      "mult": 1,
      "nElectrons": 17,
      "datum": [
        237.0,
        0.0,
        0.0
      ],
      "mats": [
        1,
        6
      ],
      "mnps": [
        [
          0,
          1,
          3,
          5,
          7
        ],
        [
          0,
          1,
          2,
          3,
          4,
          5,
          6,
          7
        ]
      ],
      "atoms": [
        {
          "name": "C",
          "Z": 6,
          "coords": [
            -0.005040613,
            0.052366207,
            -0.002124711
          ]
        },
        {
          "name": "C",
          "Z": 6,
          "coords": [
            0.00164982,
            2.46157026,
            0.006768854
          ]
        },
        {
          "name": "C",
          "Z": 6,
          "coords": [
            0.009781014,
            5.127395446,
            0.013609021
          ]
        },
        {
          "name": "H",
          "Z": 1,
          "coords": [
            -0.008875901,
            5.734347592,
            -1.992610678
          ]
        },
        {
          "name": "H",
          "Z": 1,
          "coords": [
            1.737573413,
            5.871827811,
            0.90003258
          ]
        },
        {
          "name": "H",
          "Z": 1,
          "coords": [
            -1.697113883,
            5.880960562,
            0.932699152
          ]
        },
        {
          "name": "H",
          "Z": 1,
          "coords": [
            -0.01300475,
            -1.068452712,
            -1.729359248
          ]
        },
        {
          "name": "H",
          "Z": 1,
          "coords": [
            -0.003335164,
            -1.063251437,
            1.730159349
          ]
        }
      ]
    },
    "time": 7824,
    "isExpAvail": false,
    "hf": 231.33895534793382,
    "dipole": 0.917750990628253,
    "ie": 17.09775585637687,
    "geomGradient": 0.0,
    "totalError": 32.04742655268711,
    "gradient": {
      "hf": [
        [
          -210.7103811985407,
          69.67046300791657,
          0.0,
          98.60744480121419,
          0.0,
          148.00534026043044,
          0.0,
          -115.3056753453405
        ],
        [
          -838.4110451395749,
          57.43913834428211,
          94.24187927744656,
          85.00029524280241,
          185.37042106107296,
          564.347891341649,
          938.0183400438984,
          -69.1834052072043
        ]
      ],
      "total": [
        [
          2385.6817532376504,
          -788.8152040358816,
          0.0,
          -1116.4422960916495,
          0.0,
          -1675.7296799170904,
          0.0,
          1305.5011535332383
        ],
        [
          9492.564726641216,
          -650.3310538863755,
          -1067.014973368511,
          -962.3809336166261,
          -2098.7804615980863,
          -6389.597224368936,
          -10620.327414891015,
          783.3006921199429
        ]
      ]
    },
    "hessian": [
      [
        85923.96759922849,
        -29360.569319578644,
        0.0,
        -41555.20996391715,
        0.0,
        -62372.50141566619,
        0.0,
        48592.1885388052,
        353323.6976909393,
        -24206.036966916145,
        -39715.47065930281,
        -35820.87663858147,
        -78118.9167219054,
        -237827.8350624896,
        -395300.26509964955,
        29155.313123965243
      ],
      [
        -29360.569319578644,
        9717.018640458264,
        0.0,
        13735.972274844244,
        0.0,
        20744.79068596702,
        0.0,
        -16066.717882949888,
        0.0,
        8005.944692968114,
        13131.91718509188,
        11834.270965209726,
        25843.253974926483,
        78808.32413320604,
        130975.51904138527,
        -9640.030729087812
      ],
      [
        0.0,
        0.0,
        0.0,
        0.0,
        0.0,
        0.0,
        0.0,
        0.0,
        0.0,
        0.0,
        0.0,
        0.0,
        0.0,
        0.0,
        0.0,
        0.0
      ],
      [
        -41555.20996391715,
        13735.972274844244,
        0.0,
        19556.948689114506,
        0.0,
        28996.818384712242,
        0.0,
        -22739.897594874492,
        0.0,
        0.0,
        0.0,
        16749.910347471086,
        36460.81325314299,
        111327.18451335677,
        185018.06047424907,
        -13643.938557379442
      ],
      [
        0.0,
        0.0,
        0.0,
        0.0,
        0.0,
        0.0,
        0.0,
        0.0,
        0.0,
        0.0,
        0.0,
        0.0,
        0.0,
        0.0,
        0.0,
        0.0
      ],
      [
        -62372.50141566619,
        20744.79068596702,
        0.0,
        28996.818384712242,
        0.0,
        32132.328576608415,
        0.0,
        -34131.739132590155,
        0.0,
        0.0,
        0.0,
        0.0,
        0.0,
        169481.2974983506,
        278103.10799395666,
        -20479.04347932672
      ],
      [
        0.0,
        0.0,
        0.0,
        0.0,
        0.0,
        0.0,
        0.0,
        0.0,
        0.0,
        0.0,
        0.0,
        0.0,
        0.0,
        0.0,
        0.0,
        0.0
      ],
      [
        48592.1885388052,
        -16066.717882949888,
        0.0,
        -22739.897594874492,
        0.0,
        -34131.739132590155,
        0.0,
        26590.78838860296,
        0.0,
        0.0,
        0.0,
        0.0,
        0.0,
        0.0,
        0.0,
        15954.473033161776
      ],
      [
        353323.6976909393,
        0.0,
        0.0,
        0.0,
        0.0,
        0.0,
        0.0,
        0.0,
        1393521.70022903,
        -96315.1971973275,
        -158026.8341149349,
        -142530.344885472,
        -310833.15616797336,
        -946310.8258478314,
        -1572889.5662505238,
        116008.23945855154
      ],
      [
        -24206.036966916145,
        8005.944692968114,
        0.0,
        0.0,
        0.0,
        0.0,
        0.0,
        0.0,
        -96315.1971973275,
        6601.4838182582025,
        10828.05046962676,
        9755.965149906842,
        21301.343699633435,
        65155.85821944114,
        107928.24672535062,
        -7947.66227954824
      ],
      [
        -39715.47065930281,
        13131.91718509188,
        0.0,
        0.0,
        0.0,
        0.0,
        0.0,
        0.0,
        -158026.8341149349,
        10828.05046962676,
        17766.830892469443,
        16016.295679719406,
        34948.160705425835,
        106407.60299793328,
        177587.25507519557,
        -13039.90940073163
      ],
      [
        -35820.87663858147,
        11834.270965209726,
        0.0,
        16749.910347471086,
        0.0,
        0.0,
        0.0,
        0.0,
        -142530.344885472,
        9755.965149906842,
        16016.295679719406,
        14477.978489821908,
        31498.54950606823,
        95785.7406592666,
        159349.9694536149,
        -11761.221170445424
      ],
      [
        -78118.9167219054,
        25843.253974926483,
        0.0,
        36460.81325314299,
        0.0,
        0.0,
        0.0,
        0.0,
        -310833.15616797336,
        21301.343699633435,
        34948.160705425835,
        31498.54950606823,
        68835.59203743062,
        209350.1972467493,
        347846.9173751364,
        -25649.052405469774
      ],
      [
        -237827.8350624896,
        78808.32413320604,
        0.0,
        111327.18451335677,
        0.0,
        169481.2974983506,
        0.0,
        0.0,
        -946310.8258478314,
        65155.85821944114,
        106407.60299793328,
        95785.7406592666,
        209350.1972467493,
        636125.4416697193,
        1059838.6996753106,
        -78087.04519106868
      ],
      [
        -395300.26509964955,
        130975.51904138527,
        0.0,
        185018.06047424907,
        0.0,
        278103.10799395666,
        0.0,
        0.0,
        -1572889.5662505238,
        107928.24672535062,
        177587.25507519557,
        159349.9694536149,
        347846.9173751364,
        1059838.6996753106,
        1761193.2635554695,
        -129790.55205391887
      ],
      [
        29155.313123965243,
        -9640.030729087812,
        0.0,
        -13643.938557379442,
        0.0,
        -20479.04347932672,
        0.0,
        15954.473033161776,
        116008.23945855154,
        -7947.66227954824,
        -13039.90940073163,
        -11761.221170445424,
        -25649.052405469774,
        -78087.04519106868,
        -129790.55205391887,
        9572.685653438384
      ]
    ]
  },
  {
    "rawMolecule": {
      "index": 17,
      "name": "C2H5_0_UHF",
      "isUsing": true,
      "restricted": false,
      "charge": 0,
      "mult": 2,
      "nElectrons": 13,
      "datum": [
        25.0,
        0.0,
        0.0
      ],
      "mats": [
        1,
        6
      ],
      "mnps": [
        [
          0,
          1,
          3,
          5,
          7
        ],
        [
          0,
          1,
          2,
          3,
          4,
          5,
          6,
          7
        ]
      ],
      "atoms": [
        {
          "name": "C",
          "Z": 6,
          "coords": [
            -0.016378309,
            0.032227851,
            0.041903161
          ]
        },
        {
          "name": "C",
          "Z": 6,
          "coords": [
            -0.003626499,
            2.783991864,
            -0.004638046
          ]
        },
        {
          "name": "H",
          "Z": 1,
          "coords": [
            -0.147670918,
            3.563724917,
            1.912312255
          ]
        },
        {
          "name": "H",
          "Z": 1,
          "coords": [
            1.731686376,
            3.501131734,
            -0.887856767
          ]
        },
        {
          "name": "H",
          "Z": 1,
          "coords": [
            -1.63016037,
            3.457239637,
            -1.112569315
          ]
        },
        {
          "name": "H",
          "Z": 1,
          "coords": [
            -0.929038073,
            -0.966453918,
            1.556000391
          ]
        },
        {
          "name": "H",
          "Z": 1,
          "coords": [
            0.860750578,
            -1.021710136,
            -1.455988904
          ]
        }
      ],
      "expGeom": [
        {
          "name": "C",
          "Z": 6,
          "coords": [
            0.0,
            -0.020598057,
            -1.309771863
          ]
        },
        {
          "name": "C",
          "Z": 6,
          "coords": [
            0.0,
            -0.020598057,
            1.501579458
          ]
        },
        {
          "name": "H",
          "Z": 1,
          "coords": [
            0.0,
            1.9125957329999999,
            -2.094387759
          ]
        },
        {
          "name": "H",
          "Z": 1,
          "coords": [
            1.675812564,
            -0.95998284,
            -2.0821045139999996
          ]
        },
        {
          "name": "H",
          "Z": 1,
          "coords": [
            -1.675812564,
            -0.95998284,
            -2.0821045139999996
          ]
        },
        {
          "name": "H",
          "Z": 1,
          "coords": [
            -1.750834845,
            0.127178829,
            2.5541590679999997
          ]
        },
        {
          "name": "H",
          "Z": 1,
          "coords": [
            1.750834845,
            0.127178829,
            2.5541590679999997
          ]
        }
      ]
    },
    "time": 19894,
    "isExpAvail": true,
    "hf": 9.695799324228267,
    "dipole": 0.08668652334376352,
    "ie": 9.230901324809995,
    "geomGradient": 523.9091965955752,
    "totalError": 247.66811979188563,
    "gradient": {
      "hf": [
        [
          -213.48846798829868,
          68.1609785679882,
          0.0,
          114.36193771530156,
          0.0,
          85.86259834686416,
          0.0,
          -115.30563572392794
        ],
        [
          -505.77135542795304,
          40.556310523243155,
          60.52424751601393,
          55.55915583599358,
          129.87334962133446,
          434.52090960016676,
          588.6944504496228,
          -46.12226739197922
        ]
      ],
      "geom": [
        [
          -617.8884393648332,
          145.72295299331017,
          0.0,
          -8.614131274953252,
          0.0,
          -1249.4977158894471,
          0.0,
          0.0
        ],
        [
          6560.60014648574,
          -173.5990417728317,
          -353.6432814144064,
          128.75878041995747,
          -120.14339745292091,
          526.200846024949,
          -1113.6717864701495,
          0.0
        ]
      ],
      "total": [
        [
          6502.816403398359,
          -2078.8167201905653,
          0.0,
          -3500.878365144538,
          0.0,
          -2692.269959046196,
          0.0,
          3529.3211763328545
        ],
        [
          15817.694196742084,
          -1250.276943014739,
          -1870.707602280142,
          -1693.9660654790043,
          -3981.3841447010414,
          -13272.973613355734,
          -18076.175376098603,
          1411.728871576906
        ]
      ]
    },
    "hessian": [
      [
        71091.56144906592,
        -29103.165784363227,
        0.0,
        -48829.909760570445,
        0.0,
        -36661.349158748635,
        0.0,
        49232.84704091202,
        207927.46745428303,
        -17316.60920086142,
        -25842.457757789816,
        -23727.91527704976,
        -55452.92488477571,
        -185530.40659753606,
        -251358.9527006843,
        19693.144411121466
      ],
      [
        -29103.165784363227,
        -30828.831986582372,
        0.0,
        -40581.06966112973,
        0.0,
        3685.1731692877365,
        0.0,
        -15713.252787463716,
        0.0,
        -42617.17578401658,
        -31869.88610877961,
        -96748.50852206873,
        -46486.307915074576,
        19114.07083753147,
        24080.86678769905,
        -6282.040615133155
      ],
      [
        0.0,
        0.0,
        0.0,
        0.0,
        0.0,
        0.0,
        0.0,
        0.0,
        0.0,
        0.0,
        0.0,
        0.0,
        0.0,
        0.0,
        0.0,
        0.0
      ],
      [
        -48829.909760570445,
        -40581.06966112973,
        0.0,
        -5938.133272138657,
        0.0,
        -92703.36550343927,
        0.0,
        -26373.151863481326,
        0.0,
        0.0,
        0.0,
        -35443.608576315455,
        5634.915974042087,
        147536.62040675408,
        78477.38026612205,
        -10543.826601860928
      ],
      [
        0.0,
        0.0,
        0.0,
        0.0,
        0.0,
        0.0,
        0.0,
        0.0,
        0.0,
        0.0,
        0.0,
        0.0,
        0.0,
        0.0,
        0.0,
        0.0
      ],
      [
        -36661.349158748635,
        3685.1731692877365,
        0.0,
        -92703.36550343927,
        0.0,
        -73521.77959091932,
        0.0,
        -19795.445832642145,
        0.0,
        0.0,
        0.0,
        0.0,
        0.0,
        66598.40531938244,
        20852.339621342253,
        -7914.918298865814
      ],
      [
        0.0,
        0.0,
        0.0,
        0.0,
        0.0,
        0.0,
        0.0,
        0.0,
        0.0,
        0.0,
        0.0,
        0.0,
        0.0,
        0.0,
        0.0,
        0.0
      ],
      [
        49232.84704091202,
        -15713.252787463716,
        0.0,
        -26373.151863481326,
        0.0,
        -19795.445832642145,
        0.0,
        46653.856870761956,
        0.0,
        0.0,
        0.0,
        0.0,
        0.0,
        0.0,
        0.0,
        10636.314725616103
      ],
      [
        207927.46745428303,
        0.0,
        0.0,
        0.0,
        0.0,
        0.0,
        0.0,
        0.0,
        467470.4445642419,
        -49049.691808704665,
        -61222.861404530704,
        -64225.710627852095,
        -131367.00298218784,
        -447561.71033441206,
        -603514.8317823769,
        46654.64338813763
      ],
      [
        -17316.60920086142,
        -42617.17578401658,
        0.0,
        0.0,
        0.0,
        0.0,
        0.0,
        0.0,
        -49049.691808704665,
        -76957.16293483201,
        -11141.165391563845,
        -115866.35719140759,
        2514.582060939574,
        67346.02136930334,
        -64597.133205097634,
        -3741.097996226017
      ],
      [
        -25842.457757789816,
        -31869.88610877961,
        0.0,
        0.0,
        0.0,
        0.0,
        0.0,
        0.0,
        -61222.861404530704,
        -11141.165391563845,
        -32794.30291058816,
        -113647.5380394586,
        -24399.698468187125,
        60623.3239886933,
        31139.90525889676,
        -5583.031054356979
      ],
      [
        -23727.91527704976,
        -96748.50852206873,
        0.0,
        -35443.608576315455,
        0.0,
        0.0,
        0.0,
        0.0,
        -64225.710627852095,
        -115866.35719140759,
        -113647.5380394586,
        -90129.02543418022,
        -65815.47637324547,
        72358.8961227506,
        1218.3938815724105,
        -5125.028483234928
      ],
      [
        -55452.92488477571,
        -46486.307915074576,
        0.0,
        5634.915974042087,
        0.0,
        0.0,
        0.0,
        0.0,
        -131367.00298218784,
        2514.582060939574,
        -24399.698468187125,
        -65815.47637324547,
        57815.265590761555,
        80769.93641225272,
        144891.65932900505,
        -11974.669575920416
      ],
      [
        -185530.40659753606,
        19114.07083753147,
        0.0,
        147536.62040675408,
        0.0,
        66598.40531938244,
        0.0,
        0.0,
        -447561.71033441206,
        67346.02136930334,
        60623.3239886933,
        72358.8961227506,
        80769.93641225272,
        385642.0439660724,
        535675.7028130232,
        -40082.17915952628
      ],
      [
        -251358.9527006843,
        24080.86678769905,
        0.0,
        78477.38026612205,
        0.0,
        20852.339621342253,
        0.0,
        0.0,
        -603514.8317823769,
        -64597.133205097634,
        31139.90525889676,
        1218.3938815724105,
        144891.65932900505,
        535675.7028130232,
        636951.3901881874,
        -54303.845711274334
      ],
      [
        19693.144411121466,
        -6282.040615133155,
        0.0,
        -10543.826601860928,
        0.0,
        -7914.918298865814,
        0.0,
        10636.314725616103,
        46654.64338813763,
        -3741.097996226017,
        -5583.031054356979,
        -5125.028483234928,
        -11974.669575920416,
        -40082.17915952628,
        -54303.845711274334,
        4259.964246102754
      ]
    ]
  },
  {
    "rawMolecule": {
      "index": 12,
      "name": "C2H3_0_UHF",
      "isUsing": true,
      "restricted": false,
      "charge": 0,
      "mult": 2,
      "nElectrons": 11,
      "datum": [
        59.6,
        0.0,
        0.0
      ],
      "mats": [
        1,
        6
      ],
      "mnps": [
        [
          0,
          1,
          3,
          5,
          7
        ],
        [
          0,
          1,
          2,
          3,
          4,
          5,
          6,
          7
        ]
      ],
      "atoms": [
        {
          "name": "C",
          "Z": 6,
          "coords": [
            0.056576463,
            0.005687297,
            -0.005373932
          ]
        },
        {
          "name": "C",
          "Z": 6,
          "coords": [
            -0.096187502,
            2.432691394,
            0.010837977
          ]
        },
        {
          "name": "H",
          "Z": 1,
          "coords": [
            -0.21984677,
            4.399096714,
            0.022457251
          ]
        },
        {
          "name": "H",
          "Z": 1,
          "coords": [
            -0.017499227,
            -1.099438372,
            1.715109476
          ]
        },
        {
          "name": "H",
          "Z": 1,
          "coords": [
            0.26722057,
            -1.05855502,
            -1.740282209
          ]
        }
      ],
      "expGeom": [
        {
          "name": "C",
          "Z": 6,
          "coords": [
            1.3417082999999998E-7,
            -0.2055007486557,
            1.31129259865101
          ]
        },
        {
          "name": "C",
          "Z": 6,
          "coords": [
            -1.8141407999999998E-7,
            0.08902803568203,
            -1.14087568900221
          ]
        },
        {
          "name": "H",
          "Z": 1,
          "coords": [
            -1.7196543E-7,
            -0.50920215202206,
            3.27001059570474
          ]
        },
        {
          "name": "H",
          "Z": 1,
          "coords": [
            1.7385516E-7,
            -1.49521071829995,
            -2.46133082308257
          ]
        },
        {
          "name": "H",
          "Z": 1,
          "coords": [
            1.6251678E-7,
            1.94329447621866,
            -2.04438507423129
          ]
        }
      ]
    },
    "time": 33542,
    "isExpAvail": true,
    "hf": 56.02133320559119,
    "dipole": 0.2016595826502056,
    "ie": 9.061682880208132,
    "geomGradient": 499.0520430475868,
    "totalError": 25.010450167232786,
    "gradient": {
      "hf": [
        [
          -128.65460405464546,
          42.64542383225489,
          0.0,
          63.6384378793764,
          0.0,
          83.45454943992081,
          0.0,
          -69.18338144146219
        ],
        [
          -482.6985615125068,
          36.784376149512354,
          53.280490206475406,
          57.00085480953021,
          133.0333419247154,
          343.8994986737498,
          513.6098823754764,
          -46.12226739197922
        ]
      ],
      "geom": [
        [
          -586.0732511564493,
          133.14402394826175,
          0.0,
          -28.414939379217685,
          0.0,
          -1176.5746052105897,
          0.0,
          0.0
        ],
        [
          10565.89573124711,
          -305.775414517484,
          -883.5372022986121,
          200.80140757272602,
          -172.385397263497,
          2342.6092565159706,
          -2763.344371032872,
          0.0
        ]
      ],
      "total": [
        [
          892.1607757265593,
          -298.71583628120766,
          0.0,
          -456.871221261871,
          0.0,
          -654.8549019777548,
          0.0,
          495.16853977895903
        ],
        [
          3971.581949015465,
          -278.2326398008165,
          -424.5574846832106,
          -398.15351815535905,
          -960.5948764906249,
          -2346.8332073535753,
          -3811.2244227674496,
          330.1124535970406
        ]
      ]
    },
    "hessian": [
      [
        33104.014288483086,
        -10973.060236096899,
        0.0,
        -16374.75605605232,
        0.0,
        -21473.624029795246,
        0.0,
        17801.521092906114,
        126079.37458597007,
        -9464.958698117698,
        -13709.560742540816,
        -14666.844812154523,
        -34230.70386247673,
        -88488.50767208205,
        -132156.55211297417,
        11867.684099229336
      ],
      [
        -10973.060236096899,
        3637.264347275959,
        0.0,
        9180.938283748219,
        0.0,
        8994.490249278897,
        0.0,
        -5900.709247725899,
        0.0,
        20026.59949880581,
        15803.824091449314,
        16121.137142022235,
        13223.107486055596,
        31208.06074093707,
        41929.641247406835,
        -3933.80728212378
      ],
      [
        0.0,
        0.0,
        0.0,
        0.0,
        0.0,
        0.0,
        0.0,
        0.0,
        0.0,
        0.0,
        0.0,
        0.0,
        0.0,
        0.0,
        0.0,
        0.0
      ],
      [
        -16374.75605605232,
        9180.938283748219,
        0.0,
        9976.281436934187,
        0.0,
        14374.994091213011,
        0.0,
        -8805.444644508498,
        0.0,
        0.0,
        0.0,
        16637.790143363418,
        24438.387673626494,
        43770.45376713795,
        54111.18187566899,
        -5870.298096510851
      ],
      [
        0.0,
        0.0,
        0.0,
        0.0,
        0.0,
        0.0,
        0.0,
        0.0,
        0.0,
        0.0,
        0.0,
        0.0,
        0.0,
        0.0,
        0.0,
        0.0
      ],
      [
        -21473.624029795246,
        8994.490249278897,
        0.0,
        14374.994091213011,
        0.0,
        6417.922679702315,
        0.0,
        -11552.42143340729,
        0.0,
        0.0,
        0.0,
        0.0,
        0.0,
        55518.29100113537,
        81967.9193682532,
        -7698.22608845061
      ],
      [
        0.0,
        0.0,
        0.0,
        0.0,
        0.0,
        0.0,
        0.0,
        0.0,
        0.0,
        0.0,
        0.0,
        0.0,
        0.0,
        0.0,
        0.0,
        0.0
      ],
      [
        17801.521092906114,
        -5900.709247725899,
        0.0,
        -8805.444644508498,
        0.0,
        -11552.42143340729,
        0.0,
        12385.018010263593,
        0.0,
        0.0,
        0.0,
        0.0,
        0.0,
        0.0,
        0.0,
        6381.788836051783
      ],
      [
        126079.37458597007,
        0.0,
        0.0,
        0.0,
        0.0,
        0.0,
        0.0,
        0.0,
        463178.3469403672,
        -35511.53090711523,
        -51436.8319585401,
        -55028.461242727644,
        -128430.00556017614,
        -332004.67229107744,
        -495837.5028036244,
        44526.30424793824
      ],
      [
        -9464.958698117698,
        20026.59949880581,
        0.0,
        0.0,
        0.0,
        0.0,
        0.0,
        0.0,
        -35511.53090711523,
        21471.993593422667,
        3919.77918638986,
        21082.71341114687,
        22923.16603529798,
        30930.000912121614,
        34032.475628009706,
        -3393.15766495929
      ],
      [
        -13709.560742540816,
        15803.824091449314,
        0.0,
        0.0,
        0.0,
        0.0,
        0.0,
        0.0,
        -51436.8319585401,
        3919.77918638986,
        5677.621273321165,
        9827.227830214724,
        12299.582914465645,
        29139.94602749881,
        49101.03132715449,
        -4914.834032092585
      ],
      [
        -14666.844812154523,
        16121.137142022235,
        0.0,
        16637.790143363418,
        0.0,
        0.0,
        0.0,
        0.0,
        -55028.461242727644,
        21082.71341114687,
        9827.227830214724,
        30893.73793386585,
        15166.02841547865,
        50464.61218626064,
        58552.40466644318,
        -5258.017334313081
      ],
      [
        -34230.70386247673,
        13223.107486055596,
        0.0,
        24438.387673626494,
        0.0,
        0.0,
        0.0,
        0.0,
        -128430.00556017614,
        22923.16603529798,
        12299.582914465645,
        15166.02841547865,
        29771.09695962099,
        89623.62294369086,
        129148.17320961447,
        -12271.598736219858
      ],
      [
        -88488.50767208205,
