[{
  "rawMolecule": {
    "index": 128,
    "name": "C8H10_0_RHF",
    "isUsing": true,
    "restricted": true,
    "charge": 0,
    "mult": 1,
    "nElectrons": 42,
    "datum": [
      7.2,
      0.0,
      8.8
    ],
    "mats": [
      1,
      6
    ],
    "mnps": [
      [
        0,
        1,
        3,
        5,
        7
      ],
      [
        0,
        1,
        2,
        3,
        4,
        5,
        6,
        7
      ]
    ],
    "atoms": [
      {
        "name": "C",
        "Z": 6,
        "coords": [
          -0.008833783,
          0.06309012,
          -2.33685E-4
        ]
      },
      {
        "name": "C",
        "Z": 6,
        "coords": [
          -0.023449949,
          5.367211982,
          6.11006E-4
        ]
      },
      {
        "name": "C",
        "Z": 6,
        "coords": [
          -0.010562278,
          1.38453705,
          2.276134481
        ]
      },
      {
        "name": "C",
        "Z": 6,
        "coords": [
          -0.010066649,
          1.385264576,
          -2.276182874
        ]
      },
      {
        "name": "C",
        "Z": 6,
        "coords": [
          -0.016562846,
          4.015892146,
          2.279790563
        ]
      },
      {
        "name": "C",
        "Z": 6,
        "coords": [
          -0.016066248,
          4.016617826,
          -2.279000657
        ]
      },
      {
        "name": "H",
        "Z": 1,
        "coords": [
          -0.004385152,
          -1.977624089,
          -5.59398E-4
        ]
      },
      {
        "name": "H",
        "Z": 1,
        "coords": [
          -0.005971111,
          0.36793958,
          4.046221616
        ]
      },
      {
        "name": "H",
        "Z": 1,
        "coords": [
          -0.005090143,
          0.369230799,
          -4.04659262
        ]
      },
      {
        "name": "H",
        "Z": 1,
        "coords": [
          -0.010590946,
          5.017315835,
          4.060582639
        ]
      },
      {
        "name": "H",
        "Z": 1,
        "coords": [
          -0.009706385,
          5.018611128,
          -4.059471136
        ]
      },
      {
        "name": "C",
        "Z": 6,
        "coords": [
          -0.007805363,
          8.200039682,
          0.001063086
        ]
      },
      {
        "name": "C",
        "Z": 6,
        "coords": [
          -2.613558987,
          9.376190014,
          9.60514E-4
        ]
      },
      {
        "name": "H",
        "Z": 1,
        "coords": [
          1.026062464,
          8.872011184,
          -1.677064213
        ]
      },
      {
        "name": "H",
        "Z": 1,
        "coords": [
          1.025689601,
          8.871478427,
          1.679633093
        ]
      },
      {
        "name": "H",
        "Z": 1,
        "coords": [
          -3.680369935,
          8.809498011,
          -1.68348997
        ]
      },
      {
        "name": "H",
        "Z": 1,
        "coords": [
          -2.429359305,
          11.4414176,
          0.001274226
        ]
      },
      {
        "name": "H",
        "Z": 1,
        "coords": [
          -3.680718061,
          8.809017177,
          1.685028648
        ]
      }
    ],
    "expGeom": [
      {
        "name": "C",
        "Z": 6,
        "coords": [
          0.0,
          -0.43917325199999996,
          0.9259677
        ]
      },
      {
        "name": "C",
        "Z": 6,
        "coords": [
          2.269187784,
          -0.442763739,
          -0.429346656
        ]
      },
      {
        "name": "C",
        "Z": 6,
        "coords": [
          2.274856974,
          -0.442763739,
          -3.062307465
        ]
      },
      {
        "name": "C",
        "Z": 6,
        "coords": [
          0.0,
          -0.44162990099999994,
          -4.389464844
        ]
      },
      {
        "name": "C",
        "Z": 6,
        "coords": [
          -2.274856974,
          -0.442763739,
          -3.062307465
        ]
      },
      {
        "name": "C",
        "Z": 6,
        "coords": [
          -2.269187784,
          -0.442763739,
          -0.429346656
        ]
      },
      {
        "name": "C",
        "Z": 6,
        "coords": [
          0.0,
          -0.36849735,
          3.7856961089999994
        ]
      },
      {
        "name": "C",
        "Z": 6,
        "coords": [
          0.0,
          2.341186497,
          4.843000044
        ]
      },
      {
        "name": "H",
        "Z": 1,
        "coords": [
          4.05158112,
          -0.454102119,
          0.5905406249999999
        ]
      },
      {
        "name": "H",
        "Z": 1,
        "coords": [
          4.0580062020000005,
          -0.452968281,
          -4.077092475000001
        ]
      },
      {
        "name": "H",
        "Z": 1,
        "coords": [
          0.0,
          -0.44881087499999994,
          -6.440199839999999
        ]
      },
      {
        "name": "H",
        "Z": 1,
        "coords": [
          -4.0580062020000005,
          -0.452968281,
          -4.077092475000001
        ]
      },
      {
        "name": "H",
        "Z": 1,
        "coords": [
          -4.05158112,
          -0.454102119,
          0.5905406249999999
        ]
      },
      {
        "name": "H",
        "Z": 1,
        "coords": [
          -1.660505751,
          -1.3795028999999999,
          4.499636102999999
        ]
      },
      {
        "name": "H",
        "Z": 1,
        "coords": [
          1.660505751,
          -1.3795028999999999,
          4.499636102999999
        ]
      },
      {
        "name": "H",
        "Z": 1,
        "coords": [
          1.6691985089999999,
          3.383561565,
          4.206161034
        ]
      },
      {
        "name": "H",
        "Z": 1,
        "coords": [
          -1.6691985089999999,
          3.383561565,
          4.206161034
        ]
      },
      {
        "name": "H",
        "Z": 1,
        "coords": [
          0.0,
          2.3287142789999997,
          6.911876447999999
        ]
      }
    ]
  },
  "time": 26573,
  "isExpAvail": true,
  "hf": 12.297477073703135,
  "dipole": 0.04336795904723441,
  "ie": -9.139138410067236,
  "geomGradient": 547.3231562923952,
  "totalError": 52.16432786850192,
  "gradient": {
    "hf": [
      [
        -436.2962396173078,
        138.02204960821942,
        0.0,
        225.12511442511882,
        0.0,
        196.03957221320366,
        0.0,
        -230.611350690681
      ],
      [
        -2578.5146458007803,
        151.0190401070499,
        258.8356243260658,
        222.7174742267166,
        520.7250842490249,
        1568.7058398717372,
        2767.348599727544,
        -184.4890805525448
      ]
    ],
    "dipole": null,
    "ie": [
      [
        0.0,
        0.05301056615780464,
        0.0,
        -0.5125955312713301,
        0.0,
        1.0688654299657727,
        0.0,
        0.0
      ],
      [
        0.0,
        -0.026176485722252937,
        -0.14598706178021797,
        0.11589932679568923,
        -0.6033037954511741,
        -0.6770299080943581,
        -2.8131207170628265,
        0.0
      ]
    ],
    "geom": [
      [
        115.90925737436919,
        30.5954620216653,
        0.0,
        -27.1196859102929,
        0.0,
        43.03642867853341,
        0.0,
        0.0
      ],
      [
        -408.954252861804,
        3.7794495710841147,
        -6.821518354627187,
        11.290408110653516,
        15.829855328775011,
        -878.5751435880229,
        -1236.4549843368877,
        0.0
      ]
    ],
    "total": [
      [
        -8889.823212750676,
        2819.493587272873,
        0.0,
        4554.057634545939,
        0.0,
        4072.0359378104167,
        0.0,
        -4702.14429232584
      ],
      [
        -52597.61251768959,
        3077.691609069858,
        5267.366789088788,
        4549.655648995186,
        10577.465093196239,
        31892.72212418018,
        56168.85614718534,
        -3761.715433860672
      ]
    ]
  },
  "hessian": [
    [
      772379.5183483162,
      -240873.88155749068,
      0.0,
      -392884.76226829516,
      0.0,
      -342125.1374857093,
      0.0,
      402459.2543737526,
      4499982.670604368,
      -263556.02226431074,
      -451715.8069575089,
      -388682.98696797865,
      -908761.1191534961,
      -2737680.4340383387,
      -4829532.677831594,
      321967.4034971831
    ],
    [
      -240873.88155749068,
      76169.06604653195,
      0.0,
      124314.92112227716,
      0.0,
      107955.99672292155,
      0.0,
      -127318.53611512634,
      0.0,
      83370.15175584384,
      142898.099093145,
      122988.86200369452,
      287423.46627041115,
      865520.8137133741,
      1526904.6436151257,
      -101854.82889482955
    ],
    [
      0.0,
      0.0,
      0.0,
      0.0,
      0.0,
      0.0,
      0.0,
      0.0,
      0.0,
      0.0,
      0.0,
      0.0,
      0.0,
      0.0,
      0.0,
      0.0
    ],
    [
      -392884.76226829516,
      124314.92112227716,
      0.0,
      202407.06225195026,
      0.0,
      177001.16740797966,
      0.0,
      -207669.2480568454,
      0.0,
      0.0,
      0.0,
      200601.156857374,
      469305.0700916501,
      1412598.3289341093,
      2492045.544058783,
      -166135.39844456682
    ],
    [
      0.0,
      0.0,
      0.0,
      0.0,
      0.0,
      0.0,
      0.0,
      0.0,
      0.0,
      0.0,
      0.0,
      0.0,
      0.0,
      0.0,
      0.0,
      0.0
    ],
    [
      -342125.1374857093,
      107955.99672292155,
      0.0,
      177001.16740797966,
      0.0,
      195095.66741817252,
      0.0,
      -180832.92364281078,
      0.0,
      0.0,
      0.0,
      0.0,
      0.0,
      1221769.8375388863,
      2169503.478362458,
      -144666.33891061065
    ],
    [
      0.0,
      0.0,
      0.0,
      0.0,
      0.0,
      0.0,
      0.0,
      0.0,
      0.0,
      0.0,
      0.0,
      0.0,
      0.0,
      0.0,
      0.0,
      0.0
    ],
    [
      402459.2543737526,
      -127318.53611512634,
      0.0,
      -207669.2480568454,
      0.0,
      -180832.92364281078,
      0.0,
      212726.40391543973,
      0.0,
      0.0,
      0.0,
      0.0,
      0.0,
      0.0,
      0.0,
      170181.1231305328
    ],
    [
      4499982.670604368,
      0.0,
      0.0,
      0.0,
      0.0,
      0.0,
      0.0,
      0.0,
      2.6671649950149003E7,
      -1557618.780784651,
      -2669645.0282088337,
      -2297120.4188525006,
      -5370787.486663176,
      -1.6179719298852434E7,
      -2.8542587403935615E7,
      1902830.6398649875
    ],
    [
      -263556.02226431074,
      83370.15175584384,
      0.0,
      0.0,
      0.0,
      0.0,
      0.0,
      0.0,
      -1557618.780784651,
      91212.89752783923,
      156351.74810995522,
      134581.07644510164,
      314528.4757374611,
      945947.0061483444,
      1670701.4894927852,
      -111446.78147047671
    ],
    [
      -451715.8069575089,
      142898.099093145,
      0.0,
      0.0,
      0.0,
      0.0,
      0.0,
      0.0,
      -2669645.0282088337,
      156351.74810995522,
      267970.30393026944,
      230613.18523105,
      539114.4891655131,
      1623897.4522639182,
      2861346.310164663,
      -191010.05620086653
    ],
    [
      -388682.98696797865,
      122988.86200369452,
      0.0,
      200601.156857374,
      0.0,
      0.0,
      0.0,
      0.0,
      -2297120.4188525006,
      134581.07644510164,
      230613.18523105,
      198286.3022294623,
      463971.0377341544,
      1398357.370562735,
      2465923.0982069857,
      -164358.3829036288
    ],
    [
      -908761.1191534961,
      287423.46627041115,
      0.0,
      469305.0700916501,
      0.0,
      0.0,
      0.0,
      0.0,
      -5370787.486663176,
      314528.4757374611,
      539114.4891655131,
      463971.0377341544,
      1084301.6003309458,
      3266852.51598974,
      5764195.53712185,
      -384276.4779437857
    ],
    [
      -2737680.4340383387,
      865520.8137133741,
      0.0,
      1412598.3289341093,
      0.0,
      1221769.8375388863,
      0.0,
      0.0,
      -1.6179719298852434E7,
      945947.0061483444,
      1623897.4522639182,
      1398357.370562735,
      3266852.51598974,
      9845876.352665072,
      1.7357871315689407E7,
      -1157638.10194494
    ],
    [
      -4829532.677831594,
      1526904.6436151257,
      0.0,
      2492045.544058783,
      0.0,
      2169503.478362458,
      0.0,
      0.0,
      -2.8542587403935615E7,
      1670701.4894927852,
      2861346.310164663,
      2465923.0982069857,
      5764195.53712185,
      1.7357871315689407E7,
      3.062459602406307E7,
      -2042184.157335214
    ],
    [
      321967.4034971831,
      -101854.82889482955,
      0.0,
      -166135.39844456682,
      0.0,
      -144666.33891061065,
      0.0,
      170181.1231305328,
      1902830.6398649875,
      -111446.78147047671,
      -191010.05620086653,
      -164358.3829036288,
      -384276.4779437857,
      -1157638.10194494,
      -2042184.157335214,
      136144.9139767501
    ]
  ]
},
