[
  {
    "index": 0,
    "name": "H1-1",
    "time": 1219,
    "datum": [
      365.7,
      0.0,
      0.0
    ],
    "hf": 351.91100020273234,
    "dipole": 0.0,
    "ie": -0.0,
    "geomGradient": 0.0,
    "totalError": 190.1365154090473,
    "gradient": {
      "hf": [
        [
          0.0,
          0.0,
          0.0,
          0.0,
          0.0,
          0.0,
          0.0,
          -23.0611350690681
        ]
      ],
      "total": [
        [
          0.0,
          0.0,
          0.0,
          0.0,
          0.0,
          0.0,
          0.0,
          635.9799735842838
        ]
      ]
    },
    "hessian": [
      [
        0.0,
        0.0,
        0.0,
        0.0,
        0.0,
        0.0,
        0.0,
        0.0,
        0.0,
        0.0,
        0.0,
        0.0,
        0.0,
        0.0,
        0.0,
        0.0
      ],
      [
        0.0,
        0.0,
        0.0,
        0.0,
        0.0,
        0.0,
        0.0,
        0.0,
        0.0,
        0.0,
        0.0,
        0.0,
        0.0,
        0.0,
        0.0,
        0.0
      ],
      [
        0.0,
        0.0,
        0.0,
        0.0,
        0.0,
        0.0,
        0.0,
        0.0,
        0.0,
        0.0,
        0.0,
        0.0,
        0.0,
        0.0,
        0.0,
        0.0
      ],
      [
        0.0,
        0.0,
        0.0,
        0.0,
        0.0,
        0.0,
        0.0,
        0.0,
        0.0,
        0.0,
        0.0,
        0.0,
        0.0,
        0.0,
        0.0,
        0.0
      ],
      [
        0.0,
        0.0,
        0.0,
        0.0,
        0.0,
        0.0,
        0.0,
        0.0,
        0.0,
        0.0,
        0.0,
        0.0,
        0.0,
        0.0,
        0.0,
        0.0
      ],
      [
        0.0,
        0.0,
        0.0,
        0.0,
        0.0,
        0.0,
        0.0,
        0.0,
        0.0,
        0.0,
        0.0,
        0.0,
        0.0,
        0.0,
        0.0,
        0.0
      ],
      [
        0.0,
        0.0,
        0.0,
        0.0,
        0.0,
        0.0,
        0.0,
        0.0,
        0.0,
        0.0,
        0.0,
        0.0,
        0.0,
        0.0,
        0.0,
        0.0
      ],
      [
        0.0,
        0.0,
        0.0,
        0.0,
        0.0,
        0.0,
        0.0,
        1063.631879105742,
        0.0,
        0.0,
        0.0,
        0.0,
        0.0,
        0.0,
        0.0,
        0.0
      ],
      [
        0.0,
        0.0,
        0.0,
        0.0,
        0.0,
        0.0,
        0.0,
        0.0,
        0.0,
        0.0,
        0.0,
        0.0,
        0.0,
        0.0,
        0.0,
        0.0
      ],
      [
        0.0,
        0.0,
        0.0,
        0.0,
        0.0,
        0.0,
        0.0,
        0.0,
        0.0,
        0.0,
        0.0,
        0.0,
        0.0,
        0.0,
        0.0,
        0.0
      ],
      [
        0.0,
        0.0,
        0.0,
        0.0,
        0.0,
        0.0,
        0.0,
        0.0,
        0.0,
        0.0,
        0.0,
        0.0,
        0.0,
        0.0,
        0.0,
        0.0
      ],
      [
        0.0,
        0.0,
        0.0,
        0.0,
        0.0,
        0.0,
        0.0,
        0.0,
        0.0,
        0.0,
        0.0,
        0.0,
        0.0,
        0.0,
        0.0,
        0.0
      ],
      [
        0.0,
        0.0,
        0.0,
        0.0,
        0.0,
        0.0,
        0.0,
        0.0,
        0.0,
        0.0,
        0.0,
        0.0,
        0.0,
        0.0,
        0.0,
        0.0
      ],
      [
        0.0,
        0.0,
        0.0,
        0.0,
        0.0,
        0.0,
        0.0,
        0.0,
        0.0,
        0.0,
        0.0,
        0.0,
        0.0,
        0.0,
        0.0,
        0.0
      ],
      [
        0.0,
        0.0,
        0.0,
        0.0,
        0.0,
        0.0,
        0.0,
        0.0,
        0.0,
        0.0,
        0.0,
        0.0,
        0.0,
        0.0,
        0.0,
        0.0
      ],
      [
        0.0,
        0.0,
        0.0,
        0.0,
        0.0,
        0.0,
        0.0,
        0.0,
        0.0,
        0.0,
        0.0,
        0.0,
        0.0,
        0.0,
        0.0,
        0.0
      ]
    ]
  },
  {
    "index": 1,
    "name": "H1-0",
    "time": 1230,
    "datum": [
      52.1,
      0.0,
      0.0
    ],
    "hf": 70.51155775995458,
    "dipole": 0.0,
    "ie": 12.20232402264617,
    "geomGradient": 0.0,
    "totalError": 338.98545914814383,
    "gradient": {
      "hf": [
        [
          0.0,
          0.0,
          0.0,
          23.061135010493672,
          0.0,
          0.0,
          0.0,
          -23.061134442059483
        ]
      ],
      "total": [
        [
          0.0,
          0.0,
          0.0,
          849.1828385116302,
          0.0,
          0.0,
          0.0,
          -849.1828175801123
        ]
      ]
    },
    "hessian": [
      [
        0.0,
        0.0,
        0.0,
        0.0,
        0.0,
        0.0,
        0.0,
        0.0,
        0.0,
        0.0,
        0.0,
        0.0,
        0.0,
        0.0,
        0.0,
        0.0
      ],
      [
        0.0,
        0.0,
        0.0,
        0.0,
        0.0,
        0.0,
        0.0,
        0.0,
        0.0,
        0.0,
        0.0,
        0.0,
        0.0,
        0.0,
        0.0,
        0.0
      ],
      [
        0.0,
        0.0,
        0.0,
        0.0,
        0.0,
        0.0,
        0.0,
        0.0,
        0.0,
        0.0,
        0.0,
        0.0,
        0.0,
        0.0,
        0.0,
        0.0
      ],
      [
        0.0,
        0.0,
        0.0,
        1011.3030953107227,
        0.0,
        0.0,
        0.0,
        -1115.9606708588399,
        0.0,
        0.0,
        0.0,
        0.0,
        0.0,
        0.0,
        0.0,
        0.0
      ],
      [
        0.0,
        0.0,
        0.0,
        0.0,
        0.0,
        0.0,
        0.0,
        0.0,
        0.0,
        0.0,
        0.0,
        0.0,
        0.0,
        0.0,
        0.0,
        0.0
      ],
      [
        0.0,
        0.0,
        0.0,
        0.0,
        0.0,
        0.0,
        0.0,
        0.0,
        0.0,
        0.0,
        0.0,
        0.0,
        0.0,
        0.0,
        0.0,
        0.0
      ],
      [
        0.0,
        0.0,
        0.0,
        0.0,
        0.0,
        0.0,
        0.0,
        0.0,
        0.0,
        0.0,
        0.0,
        0.0,
        0.0,
        0.0,
        0.0,
        0.0
      ],
      [
        0.0,
        0.0,
        0.0,
        -1115.9606708588399,
        0.0,
        0.0,
        0.0,
        697.3303277391096,
        0.0,
        0.0,
        0.0,
        0.0,
        0.0,
        0.0,
        0.0,
        0.0
      ],
      [
        0.0,
        0.0,
        0.0,
        0.0,
        0.0,
        0.0,
        0.0,
        0.0,
        0.0,
        0.0,
        0.0,
        0.0,
        0.0,
        0.0,
        0.0,
        0.0
      ],
      [
        0.0,
        0.0,
        0.0,
        0.0,
        0.0,
        0.0,
        0.0,
        0.0,
        0.0,
        0.0,
        0.0,
        0.0,
        0.0,
        0.0,
        0.0,
        0.0
      ],
      [
        0.0,
        0.0,
        0.0,
        0.0,
        0.0,
        0.0,
        0.0,
        0.0,
        0.0,
        0.0,
        0.0,
        0.0,
        0.0,
        0.0,
        0.0,
        0.0
      ],
      [
        0.0,
        0.0,
        0.0,
        0.0,
        0.0,
        0.0,
        0.0,
        0.0,
        0.0,
        0.0,
        0.0,
        0.0,
        0.0,
        0.0,
        0.0,
        0.0
      ],
      [
        0.0,
        0.0,
        0.0,
        0.0,
        0.0,
        0.0,
        0.0,
        0.0,
        0.0,
        0.0,
        0.0,
        0.0,
        0.0,
        0.0,
        0.0,
        0.0
      ],
      [
        0.0,
        0.0,
        0.0,
        0.0,
        0.0,
        0.0,
        0.0,
        0.0,
        0.0,
        0.0,
        0.0,
        0.0,
        0.0,
        0.0,
        0.0,
        0.0
      ],
      [
        0.0,
        0.0,
        0.0,
        0.0,
        0.0,
        0.0,
        0.0,
        0.0,
        0.0,
        0.0,
        0.0,
        0.0,
        0.0,
        0.0,
        0.0,
        0.0
      ],
      [
        0.0,
        0.0,
        0.0,
        0.0,
        0.0,
        0.0,
        0.0,
        0.0,
        0.0,
        0.0,
        0.0,
        0.0,
        0.0,
        0.0,
        0.0,
        0.0
      ]
    ]
  },
  {
    "index": 2,
    "name": "H2-0",
    "time": 1269,
    "datum": [
      0.0,
      0.0,
      15.4
    ],
    "hf": 13.635505581218643,
    "dipole": 0.0,
    "ie": 15.844823036585755,
    "geomGradient": 498.9394068722027,
    "totalError": 217.9118518979512,
    "gradient": {
      "hf": [
        [
          -44.86609971820017,
          34.36289135978016,
          0.0,
          46.12227013813619,
          0.0,
          106.20500659967874,
          0.0,
          -46.1222701381362
        ]
      ],
      "ie": [
        [
          0.0,
          -0.7450390290170733,
          0.0,
          -0.9999999999999998,
          0.0,
          -2.3026838505909346,
          0.0,
          0.0
        ]
      ],
      "geom": [
        [
          1693.7194794763855,
          -529.3712490583857,
          0.0,
          0.0,
          0.0,
          3384.301158462222,
          0.0,
          0.0
        ]
      ],
      "total": [
        [
          -2364.2715999953334,
          1782.0553136919157,
          0.0,
          2426.6372802309693,
          0.0,
          5753.257475272407,
          0.0,
          -2515.6018875481204
        ]
      ]
    },
    "hessian": [
      [
        9781.84806626814,
        -6166.915411540685,
        0.0,
        -8277.305178125971,
        0.0,
        -19060.016957155312,
        0.0,
        8277.305173578497,
        0.0,
        0.0,
        0.0,
        0.0,
        0.0,
        0.0,
        0.0,
        0.0
      ],
      [
        -6166.915411540685,
        4834.249994019046,
        0.0,
        6488.586241175653,
        0.0,
        14042.660486666136,
        0.0,
        -6339.578435472504,
        0.0,
        0.0,
        0.0,
        0.0,
        0.0,
        0.0,
        0.0,
        0.0
      ],
      [
        0.0,
        0.0,
        0.0,
        0.0,
        0.0,
        0.0,
        0.0,
        0.0,
        0.0,
        0.0,
        0.0,
        0.0,
        0.0,
        0.0,
        0.0,
        0.0
      ],
      [
        -8277.305178125971,
        6488.586241175653,
        0.0,
        8709.05500050867,
        0.0,
        20054.20031309768,
        0.0,
        -8509.055010108568,
        0.0,
        0.0,
        0.0,
        0.0,
        0.0,
        0.0,
        0.0,
        0.0
      ],
      [
        0.0,
        0.0,
        0.0,
        0.0,
        0.0,
        0.0,
        0.0,
        0.0,
        0.0,
        0.0,
        0.0,
        0.0,
        0.0,
        0.0,
        0.0,
        0.0
      ],
      [
        -19060.016957155312,
        14042.660486666136,
        0.0,
        20054.20031309768,
        0.0,
        46848.670399413095,
        0.0,
        -19593.663919295068,
        0.0,
        0.0,
        0.0,
        0.0,
        0.0,
        0.0,
        0.0,
        0.0
      ],
      [
        0.0,
        0.0,
        0.0,
        0.0,
        0.0,
        0.0,
        0.0,
        0.0,
        0.0,
        0.0,
        0.0,
        0.0,
        0.0,
        0.0,
        0.0,
        0.0
      ],
      [
        8277.305173578497,
        -6339.578435472504,
        0.0,
        -8509.055010108568,
        0.0,
        -19593.663919295068,
        0.0,
        8509.055005561095,
        0.0,
        0.0,
        0.0,
        0.0,
        0.0,
        0.0,
        0.0,
        0.0
      ],
      [
        0.0,
        0.0,
        0.0,
        0.0,
        0.0,
        0.0,
        0.0,
        0.0,
        0.0,
        0.0,
        0.0,
        0.0,
        0.0,
        0.0,
        0.0,
        0.0
      ],
      [
        0.0,
        0.0,
        0.0,
        0.0,
        0.0,
        0.0,
        0.0,
        0.0,
        0.0,
        0.0,
        0.0,
        0.0,
        0.0,
        0.0,
        0.0,
        0.0
      ],
      [
        0.0,
        0.0,
        0.0,
        0.0,
        0.0,
        0.0,
        0.0,
        0.0,
        0.0,
        0.0,
        0.0,
        0.0,
        0.0,
        0.0,
        0.0,
        0.0
      ],
      [
        0.0,
        0.0,
        0.0,
        0.0,
        0.0,
        0.0,
        0.0,
        0.0,
        0.0,
        0.0,
        0.0,
        0.0,
        0.0,
        0.0,
        0.0,
        0.0
      ],
      [
        0.0,
        0.0,
        0.0,
        0.0,
        0.0,
        0.0,
        0.0,
        0.0,
        0.0,
        0.0,
        0.0,
        0.0,
        0.0,
        0.0,
        0.0,
        0.0
      ],
      [
        0.0,
        0.0,
        0.0,
        0.0,
        0.0,
        0.0,
        0.0,
        0.0,
        0.0,
        0.0,
        0.0,
        0.0,
        0.0,
        0.0,
        0.0,
        0.0
      ],
      [
        0.0,
        0.0,
        0.0,
        0.0,
        0.0,
        0.0,
        0.0,
        0.0,
        0.0,
        0.0,
        0.0,
        0.0,
        0.0,
        0.0,
        0.0,
        0.0
      ],
      [
        0.0,
        0.0,
        0.0,
        0.0,
        0.0,
        0.0,
        0.0,
        0.0,
        0.0,
        0.0,
        0.0,
        0.0,
        0.0,
        0.0,
        0.0,
        0.0
      ]
    ]
  },
  {
    "index": 3,
    "name": "C1-1",
    "time": 1264,
    "datum": [
      430.6,
      0.0,
      0.0
    ],
    "hf": 382.4272719243313,
    "dipole": 0.0,
    "ie": 18.547340513184636,
    "geomGradient": 0.0,
    "totalError": 2320.6117302523207,
    "gradient": {
      "hf": [
        [
          0.0,
          0.0,
          0.0,
          46.122267463033495,
          23.061134015733842,
          0.0,
          0.0,
          -23.061133447299653
        ]
      ],
      "total": [
        [
          0.0,
          0.0,
          0.0,
          -4443.6708974599505,
          -2221.835476113001,
          0.0,
          0.0,
          2221.8354213469497
        ]
      ]
    },
    "hessian": [
      [
        0.0,
        0.0,
        0.0,
        0.0,
        0.0,
        0.0,
        0.0,
        0.0,
        0.0,
        0.0,
        0.0,
        0.0,
        0.0,
        0.0,
        0.0,
        0.0
      ],
      [
        0.0,
        0.0,
        0.0,
        0.0,
        0.0,
        0.0,
        0.0,
        0.0,
        0.0,
        0.0,
        0.0,
        0.0,
        0.0,
        0.0,
        0.0,
        0.0
      ],
      [
        0.0,
        0.0,
        0.0,
        0.0,
        0.0,
        0.0,
        0.0,
        0.0,
        0.0,
        0.0,
        0.0,
        0.0,
        0.0,
        0.0,
        0.0,
        0.0
      ],
      [
        0.0,
        0.0,
        0.0,
        -2317.3984027380357,
        -611.038717579504,
        0.0,
        0.0,
        -2127.2635285640717,
        0.0,
        0.0,
        0.0,
        0.0,
        0.0,
        0.0,
        0.0,
        0.0
      ],
      [
        0.0,
        0.0,
        0.0,
        -611.038717579504,
        1611.2922867250745,
        0.0,
        0.0,
        -515.9712918612058,
        0.0,
        0.0,
        0.0,
        0.0,
        0.0,
        0.0,
        0.0,
        0.0
      ],
      [
        0.0,
        0.0,
        0.0,
        0.0,
        0.0,
        0.0,
        0.0,
        0.0,
        0.0,
        0.0,
        0.0,
        0.0,
        0.0,
        0.0,
        0.0,
        0.0
      ],
      [
        0.0,
        0.0,
        0.0,
        0.0,
        0.0,
        0.0,
        0.0,
        0.0,
        0.0,
        0.0,
        0.0,
        0.0,
        0.0,
        0.0,
        0.0,
        0.0
      ],
      [
        0.0,
        0.0,
        0.0,
        -2127.2635285640717,
        -515.9712918612058,
        0.0,
        0.0,
        1611.292291272548,
        0.0,
        0.0,
        0.0,
        0.0,
        0.0,
        0.0,
        0.0,
        0.0
      ],
      [
        0.0,
        0.0,
        0.0,
        0.0,
        0.0,
        0.0,
        0.0,
        0.0,
        0.0,
        0.0,
        0.0,
        0.0,
        0.0,
        0.0,
        0.0,
        0.0
      ],
      [
        0.0,
        0.0,
        0.0,
        0.0,
        0.0,
        0.0,
        0.0,
        0.0,
        0.0,
        0.0,
        0.0,
        0.0,
        0.0,
        0.0,
        0.0,
        0.0
      ],
      [
        0.0,
        0.0,
        0.0,
        0.0,
        0.0,
        0.0,
        0.0,
        0.0,
        0.0,
        0.0,
        0.0,
        0.0,
        0.0,
        0.0,
        0.0,
        0.0
      ],
      [
        0.0,
        0.0,
        0.0,
        0.0,
        0.0,
        0.0,
        0.0,
        0.0,
        0.0,
        0.0,
        0.0,
        0.0,
        0.0,
        0.0,
        0.0,
        0.0
      ],
      [
        0.0,
        0.0,
        0.0,
        0.0,
        0.0,
        0.0,
        0.0,
        0.0,
        0.0,
        0.0,
        0.0,
        0.0,
        0.0,
        0.0,
        0.0,
        0.0
      ],
      [
        0.0,
        0.0,
        0.0,
        0.0,
        0.0,
        0.0,
        0.0,
        0.0,
        0.0,
        0.0,
        0.0,
        0.0,
        0.0,
        0.0,
        0.0,
        0.0
      ],
      [
        0.0,
        0.0,
        0.0,
        0.0,
        0.0,
        0.0,
        0.0,
        0.0,
        0.0,
        0.0,
        0.0,
        0.0,
        0.0,
        0.0,
        0.0,
        0.0
      ],
      [
        0.0,
        0.0,
        0.0,
        0.0,
        0.0,
        0.0,
        0.0,
        0.0,
        0.0,
        0.0,
        0.0,
        0.0,
        0.0,
        0.0,
        0.0,
        0.0
      ]
    ]
  },
  {
    "index": 4,
    "name": "C1-0",
    "time": 1250,
    "datum": [
      170.9,
      0.0,
      0.0
    ],
    "hf": 167.32821251458944,
    "dipole": 0.0,
    "ie": 9.327340513184641,
    "geomGradient": 0.0,
    "totalError": 12.757665840935545,
    "gradient": {
      "hf": [
        [
          0.0,
          0.0,
          0.0,
          46.122267463033495,
          46.12227058942153,
          0.0,
          0.0,
          -23.061133731516748
        ]
      ],
      "total": [
        [
          0.0,
          0.0,
          0.0,
          -329.47787544644405,
          -329.4778977800314,
          0.0,
          0.0,
          164.73893772322202
        ]
      ]
    },
    "hessian": [
      [
        0.0,
        0.0,
        0.0,
        0.0,
        0.0,
        0.0,
        0.0,
        0.0,
        0.0,
        0.0,
        0.0,
        0.0,
        0.0,
        0.0,
        0.0,
        0.0
      ],
      [
        0.0,
        0.0,
        0.0,
        0.0,
        0.0,
        0.0,
        0.0,
        0.0,
        0.0,
        0.0,
        0.0,
        0.0,
        0.0,
        0.0,
        0.0,
        0.0
      ],
      [
        0.0,
        0.0,
        0.0,
        0.0,
        0.0,
        0.0,
        0.0,
        0.0,
        0.0,
        0.0,
        0.0,
        0.0,
        0.0,
        0.0,
        0.0,
        0.0
      ],
      [
        0.0,
        0.0,
        0.0,
        3807.8559418863733,
        4254.527400462393,
        0.0,
        0.0,
        -2127.263555848913,
        0.0,
        0.0,
        0.0,
        0.0,
        0.0,
        0.0,
        0.0,
        0.0
      ],
      [
        0.0,
        0.0,
        0.0,
        4254.527400462393,
        4477.863273564253,
        0.0,
        0.0,
        -2127.2636999469796,
        0.0,
        0.0,
        0.0,
        0.0,
        0.0,
        0.0,
        0.0,
        0.0
      ],
      [
        0.0,
        0.0,
        0.0,
        0.0,
        0.0,
        0.0,
        0.0,
        0.0,
        0.0,
        0.0,
        0.0,
        0.0,
        0.0,
        0.0,
        0.0,
        0.0
      ],
      [
        0.0,
        0.0,
        0.0,
        0.0,
        0.0,
        0.0,
        0.0,
        0.0,
        0.0,
        0.0,
        0.0,
        0.0,
        0.0,
        0.0,
        0.0,
        0.0
      ],
      [
        0.0,
        0.0,
        0.0,
        -2127.263555848913,
        -2127.2636999469796,
        0.0,
        0.0,
        1063.6317782086735,
        0.0,
        0.0,
        0.0,
        0.0,
        0.0,
        0.0,
        0.0,
        0.0
      ],
      [
        0.0,
        0.0,
        0.0,
        0.0,
        0.0,
        0.0,
        0.0,
        0.0,
        0.0,
        0.0,
        0.0,
        0.0,
        0.0,
        0.0,
        0.0,
        0.0
      ],
      [
        0.0,
        0.0,
        0.0,
        0.0,
        0.0,
        0.0,
        0.0,
        0.0,
        0.0,
        0.0,
        0.0,
        0.0,
        0.0,
        0.0,
        0.0,
        0.0
      ],
      [
        0.0,
        0.0,
        0.0,
        0.0,
        0.0,
        0.0,
        0.0,
        0.0,
        0.0,
        0.0,
        0.0,
        0.0,
        0.0,
        0.0,
        0.0,
        0.0
      ],
      [
        0.0,
        0.0,
        0.0,
        0.0,
        0.0,
        0.0,
        0.0,
        0.0,
        0.0,
        0.0,
        0.0,
        0.0,
        0.0,
        0.0,
        0.0,
        0.0
      ],
      [
        0.0,
        0.0,
        0.0,
        0.0,
        0.0,
        0.0,
        0.0,
        0.0,
        0.0,
        0.0,
        0.0,
        0.0,
        0.0,
        0.0,
        0.0,
        0.0
      ],
      [
        0.0,
        0.0,
        0.0,
        0.0,
        0.0,
        0.0,
        0.0,
        0.0,
        0.0,
        0.0,
        0.0,
        0.0,
        0.0,
        0.0,
        0.0,
        0.0
      ],
      [
        0.0,
        0.0,
        0.0,
        0.0,
        0.0,
        0.0,
        0.0,
        0.0,
        0.0,
        0.0,
        0.0,
        0.0,
        0.0,
        0.0,
        0.0,
        0.0
      ],
      [
        0.0,
        0.0,
        0.0,
        0.0,
        0.0,
        0.0,
        0.0,
        0.0,
        0.0,
        0.0,
        0.0,
        0.0,
        0.0,
        0.0,
        0.0,
        0.0
      ]
    ]
  },
  {
    "index": 5,
    "name": "C1H1-0",
    "time": 2133,
    "datum": [
      142.4,
      0.0,
      0.0
    ],
    "hf": 142.16190937346818,
    "dipole": 0.9587320602658506,
    "ie": 9.28107903595929,
    "geomGradient": 0.0,
    "totalError": 0.056687146442318766,
    "gradient": {
      "hf": [
        [
          -37.179644039042614,
          13.520351842544187,
          0.0,
          25.857181640276394,
          0.0,
          8.017828179163189,
          0.0,
          -23.061133731516748
        ],
        [
          -55.592609271570836,
          4.42018773583186,
          9.10015103272599,
          42.32064185316631,
          47.127851701134205,
          49.570743669846706,
          81.28159265652357,
          -23.061133731516748
        ]
      ],
      "total": [
        [
          17.704249486972056,
          -6.4381380822442225,
          0.0,
          -12.312705154161414,
          0.0,
          -3.817939469203031,
          0.0,
          10.981279557342226
        ],
        [
          26.472158344014908,
          -2.104810534825026,
          -4.333321321831999,
          -20.152296268099004,
          -22.44139947724431,
          -23.604658836004976,
          -38.70477064219318,
          10.981279557342226
        ]
      ]
    },
    "hessian": [
      [
        2732.1700300220186,
        -1006.7171472272207,
        0.0,
        -1953.8500405502646,
        0.0,
        -628.6818270595518,
        0.0,
        1714.8094865504504,
        4133.826847834143,
        -359.8104352819931,
        -678.0341618473074,
        -3178.061221262851,
        -3536.875332876832,
        -3686.045208795008,
        -6044.041363750807,
        1714.8094865504504
      ],
      [
        -1006.7171472272207,
        488.7574839429476,
        0.0,
        699.1963868685502,
        0.0,
        215.45433515512968,
        0.0,
        -623.5892838901691,
        0.0,
        119.52498679690393,
        306.9766251684314,
        1268.8909730229625,
        1336.62579159477,
        1402.683309486008,
        2134.3025628084433,
        -623.5892838901691
      ],
      [
        0.0,
        0.0,
        0.0,
        0.0,
        0.0,
        0.0,
        0.0,
        0.0,
        0.0,
        0.0,
        0.0,
        0.0,
        0.0,
        0.0,
        0.0,
        0.0
      ],
      [
        -1953.8500405502646,
        699.1963868685502,
        0.0,
        1400.7962544404506,
        0.0,
        476.8920750342076,
        0.0,
        -1192.5918474631203,
        0.0,
        0.0,
        0.0,
        2189.9384208978745,
        2499.4420393653627,
        2625.7746420910166,
        4078.9154189724286,
        -1192.5918474631203
      ],
      [
        0.0,
        0.0,
        0.0,
        0.0,
        0.0,
        0.0,
        0.0,
        0.0,
        0.0,
        0.0,
        0.0,
        0.0,
        0.0,
        0.0,
        0.0,
        0.0
      ],
      [
        -628.6818270595518,
        215.45433515512968,
        0.0,
        476.8920750342076,
        0.0,
        2.7064288188327623,
        0.0,
        -369.8004157648427,
        0.0,
        0.0,
        0.0,
        0.0,
        0.0,
        732.6437486199211,
        1177.5389795332103,
        -369.8004157648427
      ],
      [
        0.0,
        0.0,
        0.0,
        0.0,
        0.0,
        0.0,
        0.0,
        0.0,
        0.0,
        0.0,
        0.0,
        0.0,
        0.0,
        0.0,
        0.0,
        0.0
      ],
      [
        1714.8094865504504,
        -623.5892838901691,
        0.0,
        -1192.5918474631203,
        0.0,
        -369.8004157648427,
        0.0,
        1063.6317779599835,
        0.0,
        0.0,
        0.0,
        0.0,
        0.0,
        0.0,
        0.0,
        1063.6317779599835
      ],
      [
        4133.826847834143,
        0.0,
        0.0,
        0.0,
        0.0,
        0.0,
        0.0,
        0.0,
        6118.819085649819,
        -522.5882022141803,
        -1011.802281345453,
        -4735.205056007885,
        -5271.049153670049,
        -5511.533968274307,
        -9037.311642998702,
        2564.057193783498
      ],
      [
        -359.8104352819931,
        119.52498679690393,
        0.0,
        0.0,
        0.0,
        0.0,
        0.0,
        0.0,
        -522.5882022141803,
        102.6852616359264,
        -44.06276080004545,
        437.73950658021477,
        416.6279041939447,
        500.4797428398433,
        718.5597980452485,
        -203.8690809946786
      ],
      [
        -678.0341618473074,
        306.9766251684314,
        0.0,
        0.0,
        0.0,
        0.0,
        0.0,
        0.0,
        -1011.802281345453,
        -44.06276080004545,
        102.01648026786359,
        832.5040993639732,
        856.3877533163122,
        902.2025083993412,
        1477.9961554012289,
        -421.07298323657005
      ],
      [
        -3178.061221262851,
        1268.8909730229625,
        0.0,
        2189.9384208978745,
        0.0,
        0.0,
        0.0,
        0.0,
        -4735.205056007885,
        437.73950658021477,
        832.5040993639732,
        3707.9363489311845,
        4051.2166316730713,
        4259.339508330129,
        6817.523578774853,
        -1951.9239627641127
      ],
      [
        -3536.875332876832,
        1336.62579159477,
        0.0,
        2499.4420393653627,
        0.0,
        0.0,
        0.0,
        0.0,
        -5271.049153670049,
        416.6279041939447,
        856.3877533163122,
        4051.2166316730713,
        4378.46081052129,
        4672.325312782277,
        7536.744410145957,
        -2173.6433811270217
      ],
      [
        -3686.045208795008,
        1402.683309486008,
        0.0,
        2625.7746420910166,
        0.0,
        732.6437486199211,
        0.0,
        0.0,
        -5511.533968274307,
        500.4797428398433,
        902.2025083993412,
        4259.339508330129,
        4672.325312782277,
        4976.7718317639265,
        7996.123413533951,
        -2286.3150978835733
      ],
      [
        -6044.041363750807,
        2134.3025628084433,
        0.0,
        4078.9154189724286,
        0.0,
        1177.5389795332103,
        0.0,
        0.0,
        -9037.311642998702,
        718.5597980452485,
        1477.9961554012289,
        6817.523578774853,
        7536.744410145957,
        7996.123413533951,
        13026.63336971932,
        -3748.891356334383
      ],
      [
        1714.8094865504504,
        -623.5892838901691,
        0.0,
        -1192.5918474631203,
        0.0,
        -369.8004157648427,
        0.0,
        1063.6317779599835,
        2564.057193783498,
        -203.8690809946786,
        -421.07298323657005,
        -1951.9239627641127,
        -2173.6433811270217,
        -2286.3150978835733,
        -3748.891356334383,
        1063.6317779599835
      ]
    ]
  },
  {
    "index": 6,
    "name": "C1H2-0",
    "time": 3423,
    "datum": [
      99.8,
      0.0,
      0.0
    ],
    "hf": 107.62478061674483,
    "dipole": 1.5039612324283864,
    "ie": 8.922804907692754,
    "geomGradient": 444.92471088068834,
    "totalError": 70.92713361944656,
    "gradient": {
      "hf": [
        [
          -79.39888967457708,
          27.145241646081793,
          0.0,
          49.136442546392686,
          0.0,
          21.320686031437045,
          0.0,
          -46.1222701381362
        ],
        [
          -113.78067927074713,
          11.04596066983585,
          17.436001890260695,
          36.525712044811776,
          52.704655823204185,
          120.24292042875959,
          153.23257294739904,
          -23.0611350690681
        ]
      ],
      "geom": [
        [
          822.1905898153636,
          -82.8959315413158,
          0.0,
          -210.5514909089834,
          0.0,
          2499.2153811354,
          0.0,
          0.0
        ],
        [
          933.838949777055,
          25.100006268985453,
          -112.88440475709649,
          -71.51893612444837,
          280.7159899020917,
          967.2697359519589,
          -354.71057572067366,
          0.0
        ]
      ],
      "total": [
        [
          -1206.7081206080666,
          421.1966413975586,
          0.0,
          759.7831694262378,
          0.0,
          442.63172431524504,
          0.0,
          -721.7932907543143
        ],
        [
          -1739.8998810112146,
          173.95886396248315,
          267.9437232562263,
          568.4929541282817,
          837.0446916986153,
          1923.9244424894807,
          2382.556222271306,
          -360.89664537715714
        ]
      ]
    },
    "hessian": [
      [
        13990.15010747462,
        -4310.603726480622,
        0.0,
        -7802.757297667995,
        0.0,
        -3385.6773086426983,
        0.0,
        7324.113453250902,
        18068.117665279715,
        -1754.0738758725638,
        -2768.798145211804,
        -5800.201467991428,
        -8369.381594093284,
        -19094.30712203175,
        -24332.990237780905,
        3662.056726625451
      ],
      [
        -4310.603726480622,
        1467.6043974759523,
        0.0,
        2677.373133792571,
        0.0,
        1140.674347652748,
        0.0,
        -2503.6887734586344,
        0.0,
        596.6983968619388,
        946.5913274198101,
        1988.3958100308519,
        2845.2973799630854,
        6427.337782497489,
        8167.892747223959,
        -1251.8443867293172
      ],
      [
        0.0,
        0.0,
        0.0,
        0.0,
        0.0,
        0.0,
        0.0,
        0.0,
        0.0,
        0.0,
        0.0,
        0.0,
        0.0,
        0.0,
        0.0,
        0.0
      ],
      [
        -7802.757297667995,
        2677.373133792571,
        0.0,
        4755.585342763879,
        0.0,
        2235.1657071340014,
        0.0,
        -4532.248915438686,
        0.0,
        0.0,
        0.0,
        3583.7458676724054,
        5257.4155358797725,
        11918.945306206297,
        14999.317436377169,
        -2266.124457719343
      ],
      [
        0.0,
        0.0,
        0.0,
        0.0,
        0.0,
        0.0,
        0.0,
        0.0,
        0.0,
        0.0,
        0.0,
        0.0,
        0.0,
        0.0,
        0.0,
        0.0
      ],
      [
        -3385.6773086426983,
        1140.674347652748,
        0.0,
        2235.1657071340014,
        0.0,
        7335.804001513679,
        0.0,
        -1968.5289396420558,
        0.0,
        0.0,
        0.0,
        0.0,
        0.0,
        2786.667416785349,
        6686.014198749035,
        -984.2644698210279
      ],
      [
        0.0,
        0.0,
        0.0,
        0.0,
        0.0,
        0.0,
        0.0,
        0.0,
        0.0,
        0.0,
        0.0,
        0.0,
        0.0,
        0.0,
        0.0,
        0.0
      ],
      [
        7324.113453250902,
        -2503.6887734586344,
        0.0,
        -4532.248915438686,
        0.0,
        -1968.5289396420558,
        0.0,
        4254.527345892711,
        0.0,
        0.0,
        0.0,
        0.0,
        0.0,
        0.0,
        0.0,
        2127.2636729463557
      ],
      [
        18068.117665279715,
        0.0,
        0.0,
        0.0,
        0.0,
        0.0,
        0.0,
        0.0,
        27824.819394481892,
        -2513.633756109357,
        -3967.760182490565,
        -8311.840455235142,
        -11993.542792652079,
        -27362.641671970778,
        -34869.811634052894,
        5247.823100376081
      ],
      [
        -1754.0738758725638,
        596.6983968619388,
        0.0,
        0.0,
        0.0,
        0.0,
        0.0,
        0.0,
        -2513.633756109357,
        235.39955179785466,
        388.80997578871757,
        817.818006453308,
        1141.88403586013,
        2496.4997419374413,
        3418.363853597839,
        -509.31238547491375
      ],
      [
        -2768.798145211804,
        946.5913274198101,
        0.0,
        0.0,
        0.0,
        0.0,
        0.0,
        0.0,
        -3967.760182490565,
        388.80997578871757,
        605.9673364688933,
        1268.749130076685,
        1844.1641782374063,
        4231.500963669532,
        5171.025263734919,
        -804.033911094848
      ],
      [
        -5800.201467991428,
        1988.3958100308519,
        0.0,
        3583.7458676724054,
        0.0,
        0.0,
        0.0,
        0.0,
        -8311.840455235142,
        817.818006453308,
        1268.749130076685,
        2650.3808555844444,
        3872.948550451838,
        8900.843110950518,
        11155.5154535381,
        -1684.503167780349
      ],
      [
        -8369.381594093284,
        2845.2973799630854,
        0.0,
        5257.4155358797725,
        0.0,
        0.0,
        0.0,
        0.0,
        -11993.542792652079,
        1141.88403586013,
        1844.1641782374063,
        3872.948550451838,
        5453.726004134296,
        12453.054473553493,
        16246.70490855351,
        -2430.7018009039894
      ],
      [
        -19094.30712203175,
        6427.337782497489,
        0.0,
        11918.945306206297,
        0.0,
        2786.667416785349,
        0.0,
        0.0,
        -27362.641671970778,
        2496.4997419374413,
        4231.500963669532,
        8900.843110950518,
        12453.054473553493,
        28149.261524959,
        37013.029359513894,
        -5545.7254671864575
      ],
      [
        -24332.990237780905,
        8167.892747223959,
        0.0,
        14999.317436377169,
        0.0,
        6686.014198749035,
        0.0,
        0.0,
        -34869.811634052894,
        3418.363853597839,
        5171.025263734919,
        11155.5154535381,
        16246.70490855351,
        37013.029359513894,
        46689.27419970714,
        -7067.281605941389
      ],
      [
        3662.056726625451,
        -1251.8443867293172,
        0.0,
        -2266.124457719343,
        0.0,
        -984.2644698210279,
        0.0,
        2127.2636729463557,
        5247.823100376081,
        -509.31238547491375,
        -804.033911094848,
        -1684.503167780349,
        -2430.7018009039894,
        -5545.7254671864575,
        -7067.281605941389,
        1063.6318330625727
      ]
    ]
  }
]