[
  {
    "index": 0,
    "name": "C1H4",
    "time": 3235,
    "datum": [
      365.7,
      0.0,
      0.0
    ],
    "hf": -11.251235871112348,
    "dipole": 5.628274241210715E-7,
    "ie": 13.527946658226076,
    "geomGradient": 39.33057999302518,
    "total": 142092.31002259057,
    "gradient": {
      "hf": [
        [
          -168.0069576707707,
          53.3481581080237,
          0.0,
          94.8897412029816,
          0.0,
          45.50750637964826,
          0.0,
          -92.2445402762724
        ],
        [
          -223.630284109748,
          23.128366375920965,
          34.267271088415164,
          26.57119232972678,
          63.02814701983641,
          252.21072722785726,
          303.6539257951813,
          -23.0611350690681
        ]
      ],
      "geom": [
        [
          -3239.6755556618473,
          386.57434167532756,
          0.0,
          7.463958624498446,
          0.0,
          -4453.065035008308,
          0.0,
          0.0
        ],
        [
          -3352.126201008332,
          199.88967544293246,
          163.03360595770755,
          -87.22400046679013,
          79.80414906683109,
          -278.10486379564736,
          -1377.634518036075,
          0.0
        ]
      ],
      "total": [
        [
          126648.37366266319,
          -40217.81824961336,
          0.0,
          -71537.58166684932,
          0.0,
          -34325.38542223809,
          0.0,
          69543.38691900695
        ],
        [
          168582.5035221208,
          -17435.762124033336,
          -25833.551977201558,
          -20032.42377043077,
          -47516.768230727066,
          -190143.3625834936,
          -228930.75516134928,
          17385.846729751738
        ]
      ]
    },
    "hessian": [
      [
        -91542.56651527248,
        -17925.72256817948,
        0.0,
        -31884.271884337068,
        0.0,
        -15291.154631995596,
        0.0,
        30995.447596069425,
        75142.883870285,
        -7771.4525468763895,
        -11514.279358380008,
        -8928.289935283829,
        -21178.333408897743,
        -84746.30973068997,
        -102031.93931374699,
        7748.861899017356
      ],
      [
        -17925.72256817948,
        6608.662370126694,
        0.0,
        8926.495647756383,
        0.0,
        8514.41167469602,
        0.0,
        -9842.174185905606,
        0.0,
        2544.1583056817763,
        3731.1384949134663,
        2345.894754398614,
        8411.958260694519,
        34924.64078590274,
        47202.859714161605,
        -2460.5435464764014
      ],
      [
        0.0,
        0.0,
        0.0,
        0.0,
        0.0,
        0.0,
        0.0,
        0.0,
        0.0,
        0.0,
        0.0,
        0.0,
        0.0,
        0.0,
        0.0,
        0.0
      ],
      [
        -31884.271884337068,
        8926.495647756383,
        0.0,
        24503.378372173756,
        0.0,
        -2497.6297572720796,
        0.0,
        -17506.151198176667,
        0.0,
        0.0,
        0.0,
        4473.770241020247,
        6035.153564880602,
        48723.36081461981,
        59827.11503747851,
        -4376.537799544167
      ],
      [
        0.0,
        0.0,
        0.0,
        0.0,
        0.0,
        0.0,
        0.0,
        0.0,
        0.0,
        0.0,
        0.0,
        0.0,
        0.0,
        0.0,
        0.0,
        0.0
      ],
      [
        -15291.154631995596,
        8514.41167469602,
        0.0,
        -2497.6297572720796,
        0.0,
        -681010.7885394245,
        0.0,
        -8395.587210543454,
        0.0,
        0.0,
        0.0,
        0.0,
        0.0,
        139079.04387451708,
        35942.228278145194,
        -2098.8968026358634
      ],
      [
        0.0,
        0.0,
        0.0,
        0.0,
        0.0,
        0.0,
        0.0,
        0.0,
        0.0,
        0.0,
        0.0,
        0.0,
        0.0,
        0.0,
        0.0,
        0.0
      ],
      [
        30995.447596069425,
        -9842.174185905606,
        0.0,
        -17506.151198176667,
        0.0,
        -8395.587210543454,
        0.0,
        17018.109501805156,
        0.0,
        0.0,
        0.0,
        0.0,
        0.0,
        0.0,
        0.0,
        4254.527375451289
      ],
      [
        75142.883870285,
        0.0,
        0.0,
        0.0,
        0.0,
        0.0,
        0.0,
        0.0,
        -84302.54354607314,
        -10344.406036892906,
        -15326.398788602091,
        -11884.246305271517,
        -28190.0042318739,
        -112803.91045147553,
        -135812.4241232872,
        10314.336141163949
      ],
      [
        -7771.4525468763895,
        2544.1583056817763,
        0.0,
        0.0,
        0.0,
        0.0,
        0.0,
        0.0,
        -10344.406036892906,
        1083.4565546247177,
        1585.0217823754065,
        1142.0371811254881,
        2913.6617376934737,
        18964.42350698635,
        14116.670936346054,
        -1066.740405804012
      ],
      [
        -11514.279358380008,
        3731.1384949134663,
        0.0,
        0.0,
        0.0,
        0.0,
        0.0,
        0.0,
        -15326.398788602091,
        1585.0217823754065,
        2360.1708016940393,
        1821.5733143733814,
        4582.344336085953,
        17289.229144807905,
        35640.021960716695,
        -1580.4905706318095
      ],
      [
        -8928.289935283829,
        2345.894754398614,
        0.0,
        4473.770241020247,
        0.0,
        0.0,
        0.0,
        0.0,
        -11884.246305271517,
        1142.0371811254881,
        1821.5733143733814,
        1969.225522771012,
        3361.2253901083022,
        12453.901290427893,
        15685.623220633715,
        -1225.5295587237924
      ],
      [
        -21178.333408897743,
        8411.958260694519,
        0.0,
        6035.153564880602,
        0.0,
        0.0,
        0.0,
        0.0,
        -28190.0042318739,
        2913.6617376934737,
        4582.344336085953,
        3361.2253901083022,
        13859.683240298182,
        31883.195624686778,
        36529.17395811528,
        -2907.0066739222966
      ],
      [
        -84746.30973068997,
        34924.64078590274,
        0.0,
        48723.36081461981,
        0.0,
        139079.04387451708,
        0.0,
        0.0,
        -112803.91045147553,
        18964.42350698635,
        17289.229144807905,
        12453.901290427893,
        31883.195624686778,
        125559.70781249925,
        171401.96287073195,
        -11632.537680270616
      ],
      [
        -102031.93931374699,
        47202.859714161605,
        0.0,
        59827.11503747851,
        0.0,
        35942.228278145194,
        0.0,
        0.0,
        -135812.4241232872,
        14116.670936346054,
        35640.021960716695,
        15685.623220633715,
        36529.17395811528,
        171401.96287073195,
        197937.11078818887,
        -14005.21221512463
      ],
      [
        7748.861899017356,
        -2460.5435464764014,
        0.0,
        -4376.537799544167,
        0.0,
        -2098.8968026358634,
        0.0,
        4254.527375451289,
        10314.336141163949,
        -1066.740405804012,
        -1580.4905706318095,
        -1225.5295587237924,
        -2907.0066739222966,
        -11632.537680270616,
        -14005.21221512463,
        1063.6315346346237
      ]
    ]
  }
]