[{"index":0,"name":"C1H4 0","time":3512,"datum":[365.7,0.0,0.0],"hf":-11.196753087748421,"dipole":3.356121161581184E-10,"ie":13.508793284663376,"geomGradient":29.575887774018753,"totalError":142051.20535001095,"gradient":{"hf":[[-168.1755447799981,53.2161740481877,0.0,94.86538488182215,0.0,45.06749916072008,0.0,-92.2445402762724],[-223.78456453705354,23.13300200024446,34.12793787276502,26.570477727375373,63.053217943347306,252.06110678052224,303.32324421407935,-23.0611350690681]],"geom":[[-3239.949718221169,387.48304774571807,0.0,6.174168838413152,0.0,-4454.599257002201,0.0,0.0],[-3352.131992926388,199.89163515532482,163.60478845456328,-87.22965560536977,81.05553984449898,-275.3720801962345,-1349.3777413131625,0.0]],"total":[[126760.2427625416,-40112.883325825715,0.0,-71508.89318931727,0.0,-33984.49958223538,0.0,69533.33544039821],[168677.63558693894,-17436.92731281736,-25724.94374947853,-20028.906396537695,-47528.87129478763,-190002.8235991927,-228647.00284703227,17383.333860099552]]},"hessian":[[-91517.94933131896,-17899.317681440152,0.0,-31908.074743114412,0.0,-15158.502064878121,0.0,31026.550859678537,75270.1802412048,-7780.810192343779,-11478.968772280496,-8937.008897191845,-21208.01800629124,-84781.02536173537,-102023.10077147558,7756.637714919634],[-17899.317681440152,6582.818314200267,0.0,8891.687175491825,0.0,8470.530228805728,0.0,-9817.79900030233,0.0,2538.556364015676,3706.960051204078,2338.6863176710904,8405.224798480049,34840.215812437236,47062.732046470046,-2454.4497500755824],[0.0,0.0,0.0,0.0,0.0,0.0,0.0,0.0,0.0,0.0,0.0,0.0,0.0,0.0,0.0,0.0],[-31908.074743114412,8891.687175491825,0.0,24525.313638150692,0.0,-2679.166354937479,0.0,-17501.638358226046,0.0,0.0,0.0,4471.788852242753,6006.174880894832,48683.93967626616,59724.04294880107,-4375.4095895565115],[0.0,0.0,0.0,0.0,0.0,0.0,0.0,0.0,0.0,0.0,0.0,0.0,0.0,0.0,0.0,0.0],[-15158.502064878121,8470.530228805728,0.0,-2679.166354937479,0.0,-663952.0129101584,0.0,-8314.461447298527,0.0,0.0,0.0,0.0,0.0,153173.16283471882,33908.9724002406,-2078.6153618246317],[0.0,0.0,0.0,0.0,0.0,0.0,0.0,0.0,0.0,0.0,0.0,0.0,0.0,0.0,0.0,0.0],[31026.550859678537,-9817.79900030233,0.0,-17501.638358226046,0.0,-8314.461447298527,0.0,17018.109356286004,0.0,0.0,0.0,0.0,0.0,0.0,0.0,4254.527339071501],[75270.1802412048,0.0,0.0,0.0,0.0,0.0,0.0,0.0,-84209.23841185868,-10353.616817155853,-15274.610341293737,-11892.124712176155,-28220.671811141074,-112814.76181466132,-135758.11026385054,10321.451409254223],[-7780.810192343779,2538.556364015676,0.0,0.0,0.0,0.0,0.0,0.0,-10353.616817155853,1083.8723756023683,1578.874434926547,1142.2562965890393,2915.2775823604316,18958.562868647277,14103.449939284474,-1066.9441689969972],[-11478.968772280496,3706.960051204078,0.0,0.0,0.0,0.0,0.0,0.0,-15274.610341293737,1578.874434926547,2340.971477678977,1814.138304325752,4565.648268908262,17208.544013556093,35506.34399289265,-1574.0588059998117],[-8937.008897191845,2338.6863176710904,0.0,4471.788852242753,0.0,0.0,0.0,0.0,-11892.124712176155,1142.2562965890393,1814.138304325752,1969.0354383783415,3363.096111570485,12446.453620214015,15671.382716391236,-1225.4884859430604],[-21208.01800629124,8405.224798480049,0.0,6006.174880894832,0.0,0.0,0.0,0.0,-28220.671811141074,2915.2775823604316,4565.648268908262,3363.096111570485,13895.997981308028,31874.687992967665,36524.27229098976,-2908.1602770020254],[-84781.02536173537,34840.215812437236,0.0,48683.93967626616,0.0,153173.16283471882,0.0,0.0,-112814.76181466132,18958.562868647277,17208.544013556093,12446.453620214015,31874.687992967665,139700.67113405094,171058.40292060748,-11625.628285401035],[-102023.10077147558,47062.732046470046,0.0,59724.04294880107,0.0,33908.9724002406,0.0,0.0,-135758.11026385054,14103.449939284474,35506.34399289265,15671.382716391236,36524.27229098976,171058.40292060748,211245.75578141958,-13989.955659781117],[7756.637714919634,-2454.4497500755824,0.0,-4375.4095895565115,0.0,-2078.6153618246317,0.0,4254.527339071501,10321.451409254223,-1066.9441689969972,-1574.0588059998117,-1225.4884859430604,-2908.1602770020254,-11625.628285401035,-13989.955659781117,1063.6318256729282]]},{"index":1,"name":"C2H4 0","time":809,"datum":[52.1,0.0,0.0],"hf":13.21144787887074,"dipole":2.0121109425539728E-10,"ie":10.165611827294496,"geomGradient":284.5953133390796,"totalError":1516.2882162041415,"gradient":{"hf":[[-171.08384398533272,55.414603836669365,0.0,89.48266789488522,0.0,77.01910752727716,0.0,-92.2445402762724],[-523.1810556323268,39.73500268077418,61.52303705043875,55.71842755306876,131.53252538086323,387.75451927472574,589.8191306517889,-46.1222701381362]],"geom":[[552.8550860844916,4.854058488490409,0.0,-68.22073771672876,0.0,825.4047349964821,0.0,0.0],[10054.090312792141,-312.0236891618333,-570.8029505058221,199.99354719857365,-131.77011226161994,2042.699618982624,511.4083535318059,0.0]],"total":[[13321.82528452614,-4309.852037803036,0.0,-6961.605488354107,0.0,-5967.302335514341,0.0,7174.513224846854],[40971.91950581537,-3099.1758925684458,-4801.003554738609,-4328.040059839143,-10233.894051120922,-30101.452077701237,-45860.16065556196,3587.256612423427]]},"hessian":[[42943.51683711284,-18961.089172080392,0.0,-30618.081300417543,0.0,-26353.453140472993,0.0,31563.104903398198,179015.67385706585,-13596.035646514792,-21051.197891210904,-19065.047845288063,-45006.18555539404,-132677.08342027618,-201817.07273877691,15781.552451699099],[-18961.089172080392,6191.062893776689,0.0,9878.100754576735,0.0,8750.754286666051,0.0,-10223.885446976055,0.0,4414.938666741364,6819.711361458758,6128.685545263579,14664.870031992905,43884.575316042174,66757.32562143821,-5111.942723488028],[0.0,0.0,0.0,0.0,0.0,0.0,0.0,0.0,0.0,0.0,0.0,0.0,0.0,0.0,0.0,0.0],[-30618.081300417543,9878.100754576735,0.0,16563.45447372587,0.0,13153.782974768546,0.0,-16509.438537468668,0.0,0.0,0.0,9885.802710414282,23079.05846464564,69528.90482352814,105994.53031318262,-8254.719268734334],[0.0,0.0,0.0,0.0,0.0,0.0,0.0,0.0,0.0,0.0,0.0,0.0,0.0,0.0,0.0,0.0],[-26353.453140472993,8750.754286666051,0.0,13153.782974768546,0.0,-61379.12324447825,0.0,-14209.497921910952,0.0,0.0,0.0,0.0,0.0,72321.56738609774,90750.09416847024,-7104.748960955476],[0.0,0.0,0.0,0.0,0.0,0.0,0.0,0.0,0.0,0.0,0.0,0.0,0.0,0.0,0.0,0.0],[31563.104903398198,-10223.885446976055,0.0,-16509.438537468668,0.0,-14209.497921910952,0.0,17018.111821016646,0.0,0.0,0.0,0.0,0.0,0.0,0.0,8509.055910508323],[179015.67385706585,0.0,0.0,0.0,0.0,0.0,0.0,0.0,496729.8510746332,-41577.19929480663,-64375.3718395601,-58301.64867802523,-137630.64433078398,-405731.61790234735,-617164.3611014588,48260.593634950055],[-13596.035646514792,4414.938666741364,0.0,0.0,0.0,0.0,0.0,0.0,-41577.19929480663,3168.328266838216,4894.834328297293,4394.570387376007,10476.281058799941,32242.162014881615,47427.40115034394,-3665.5709982369444],[-21051.197891210904,6819.711361458758,0.0,0.0,0.0,0.0,0.0,0.0,-64375.3718395601,4894.834328297293,7581.875834148377,6840.837068011751,16214.599454542622,47819.926803640556,75879.30696900003,-5675.475449606893],[-19065.047845288063,6128.685545263579,0.0,9885.802710414282,0.0,0.0,0.0,0.0,-58301.64867802523,4394.570387376007,6840.837068011751,6333.146138786105,14620.741185353836,42651.40883944696,65358.17694384605,-5139.928675816918],[-45006.18555539404,14664.870031992905,0.0,23079.05846464564,0.0,0.0,0.0,0.0,-137630.64433078398,10476.281058799941,16214.599454542622,14620.741185353836,35102.40856485325,102438.72719001956,155107.43447521236,-12133.6601114308],[-132677.08342027618,43884.575316042174,0.0,69528.90482352814,0.0,72321.56738609774,0.0,0.0,-405731.61790234735,32242.162014881615,47819.926803640556,42651.40883944696,102438.72719001956,299628.5603148863,461268.41101795435,-35768.72821213328],[-201817.07273877691,66757.32562143821,0.0,105994.53031318262,0.0,90750.09416847024,0.0,0.0,-617164.3611014588,47427.40115034394,75879.30696900003,65358.17694384605,155107.43447521236,461268.41101795435,703232.6496118912,-54408.056203101296],[15781.552451699099,-5111.942723488028,0.0,-8254.719268734334,0.0,-7104.748960955476,0.0,8509.055910508323,48260.593634950055,-3665.5709982369444,-5675.475449606893,-5139.928675816918,-12133.6601114308,-35768.72821213328,-54408.056203101296,4254.527352713922]]}]