[
  {
    "index": 0,
    "name": "C3H3-1",
    "time": 9454,
    "datum": [
      365.7,
      0.0,
      0.0
    ],
    "hf": 271.2730874587298,
    "dipole": 0.6629946495268755,
    "ie": 17.208856592926345,
    "geomGradient": 802.7623977258838,
    "totalError": 8948.018757969621,
    "gradient": {
      "hf": [
        [
          -114.67212317771556,
          43.04518692885724,
          0.0,
          59.72785114211572,
          0.0,
          88.29324988553289,
          0.0,
          -69.1834052072043
        ],
        [
          -804.2989563057458,
          54.45269355128921,
          86.52451658784209,
          85.2570993917821,
          177.87094043305567,
          483.06621488629725,
          840.8285405455503,
          -69.1834052072043
        ]
      ],
      "geom": [
        [
          2053.5991529868625,
          -320.88604939417564,
          0.0,
          -158.45734310460102,
          0.0,
          3701.428573776866,
          0.0,
          0.0
        ],
        [
          1719.037280736302,
          -171.2872062853421,
          -127.17262734440737,
          85.18997560713615,
          73.23937666114944,
          469.5978100244247,
          1667.3886364060309,
          0.0
        ]
      ],
      "total": [
        [
          21817.82720608974,
          -8154.492537839689,
          0.0,
          -11292.299104624552,
          0.0,
          -16383.32393751563,
          0.0,
          13065.550705615879
        ],
        [
          152030.17230018304,
          -10297.074750193253,
          -16350.490682550402,
          -16094.427379290482,
          -33585.845677684854,
          -91191.95885395535,
          -158662.51146442626,
          13065.550705615879
        ]
      ]
    },
    "hessian": [
      [
        1957.7322382247075,
        -9872.166519926395,
        0.0,
        -13698.23978166096,
        0.0,
        -20249.55003435025,
        0.0,
        15866.816829657182,
        184461.34839905426,
        -12488.41266715317,
        -19843.90117286239,
        -19553.226320567774,
        -40793.67907252163,
        -110788.46320742741,
        -192839.19886220247,
        15866.816829657182
      ],
      [
        -9872.166519926395,
        3775.343657252961,
        0.0,
        5131.824982527178,
        0.0,
        8178.219904948492,
        0.0,
        -5955.949200142641,
        0.0,
        4718.048567156075,
        7456.452058249852,
        7235.975444928044,
        15426.629106514156,
        43556.578166317195,
        74789.69404473901,
        -5955.949200142641
      ],
      [
        0.0,
        0.0,
        0.0,
        0.0,
        0.0,
        0.0,
        0.0,
        0.0,
        0.0,
        0.0,
        0.0,
        0.0,
        0.0,
        0.0,
        0.0,
        0.0
      ],
      [
        -13698.23978166096,
        5131.824982527178,
        0.0,
        8132.077036862029,
        0.0,
        9372.215572511777,
        0.0,
        -8264.223670266801,
        0.0,
        0.0,
        0.0,
        9942.2208222677,
        20492.079493124038,
        58589.4234245643,
        101112.67125466838,
        -8264.223670266801
      ],
      [
        0.0,
        0.0,
        0.0,
        0.0,
        0.0,
        0.0,
        0.0,
        0.0,
        0.0,
        0.0,
        0.0,
        0.0,
        0.0,
        0.0,
        0.0,
        0.0
      ],
      [
        -20249.55003435025,
        8178.219904948492,
        0.0,
        9372.215572511777,
        0.0,
        -110522.04132283805,
        0.0,
        -12216.807717777556,
        0.0,
        0.0,
        0.0,
        0.0,
        0.0,
        108971.43059992231,
        151128.9257905446,
        -12216.807717777556
      ],
      [
        0.0,
        0.0,
        0.0,
        0.0,
        0.0,
        0.0,
        0.0,
        0.0,
        0.0,
        0.0,
        0.0,
        0.0,
        0.0,
        0.0,
        0.0,
        0.0
      ],
      [
        15866.816829657182,
        -5955.949200142641,
        0.0,
        -8264.223670266801,
        0.0,
        -12216.807717777556,
        0.0,
        9572.689268679824,
        0.0,
        0.0,
        0.0,
        0.0,
        0.0,
        0.0,
        0.0,
        9572.689268679824
      ],
      [
        184461.34839905426,
        0.0,
        0.0,
        0.0,
        0.0,
        0.0,
        0.0,
        0.0,
        1102132.847881876,
        -87592.48215937987,
        -139183.1456021464,
        -137144.381114922,
        -286122.8005349403,
        -777059.2425367795,
        -1352554.9267069437,
        111288.27227366855
      ],
      [
        -12488.41266715317,
        4718.048567156075,
        0.0,
        0.0,
        0.0,
        0.0,
        0.0,
        0.0,
        -87592.48215937987,
        5975.411095278105,
        9444.08544455655,
        9146.662305283826,
        19444.767240202054,
        57478.96138927899,
        94375.3492902033,
        -7534.272226621397
      ],
      [
        -19843.90117286239,
        7456.452058249852,
        0.0,
        0.0,
        0.0,
        0.0,
        0.0,
        0.0,
        -139183.1456021464,
        9444.08544455655,
        15006.27315181191,
        14688.437458971748,
        30858.203972456977,
        83903.07179070078,
        157604.13167299703,
        -11972.10249301861
      ],
      [
        -19553.226320567774,
        7235.975444928044,
        0.0,
        9942.2208222677,
        0.0,
        0.0,
        0.0,
        0.0,
        -137144.381114922,
        9146.662305283826,
        14688.437458971748,
        14970.774736866588,
        30137.68349774182,
        79939.7422815673,
        141767.87430187687,
        -11796.568760473747
      ],
      [
        -40793.67907252163,
        15426.629106514156,
        0.0,
        20492.079493124038,
        0.0,
        0.0,
        0.0,
        0.0,
        -286122.8005349403,
        19444.767240202054,
        30858.203972456977,
        30137.68349774182,
        64222.619621432386,
        173389.6574296523,
        300047.65518242493,
        -24611.354820081033
      ],
      [
        -110788.46320742741,
        43556.578166317195,
        0.0,
        58589.4234245643,
        0.0,
        108971.43059992231,
        0.0,
        0.0,
        -777059.2425367795,
        57478.96138927899,
        83903.07179070078,
        79939.7422815673,
        173389.6574296523,
        423924.297792837,
        822483.9117610827,
        -66840.22178887972
      ],
      [
        -192839.19886220247,
        74789.69404473901,
        0.0,
        101112.67125466838,
        0.0,
        151128.9257905446,
        0.0,
        0.0,
        -1352554.9267069437,
        94375.3492902033,
        157604.13167299703,
        141767.87430187687,
        300047.65518242493,
        822483.9117610827,
        1448371.1600769311,
        -116342.64326858101
      ],
      [
        15866.816829657182,
        -5955.949200142641,
        0.0,
        -8264.223670266801,
        0.0,
        -12216.807717777556,
        0.0,
        9572.689268679824,
        111288.27227366855,
        -7534.272226621397,
        -11972.10249301861,
        -11796.568760473747,
        -24611.354820081033,
        -66840.22178887972,
        -116342.64326858101,
        9572.68564889091
      ]
    ]
  },
  {
    "index": 1,
    "name": "C3H4-0",
    "time": 7271,
    "datum": [
      52.1,
      0.0,
      0.0
    ],
    "hf": 46.29483211057006,
    "dipole": 3.1312464688514776E-9,
    "ie": 9.90616153897197,
    "geomGradient": 602.3396332932972,
    "totalError": 51.47781288242773,
    "gradient": {
      "hf": [
        [
          -154.52839819435434,
          56.38916573202156,
          0.0,
          88.67024462913615,
          0.0,
          88.95086473184439,
          0.0,
          -92.2445402762724
        ],
        [
          -848.4540866701893,
          57.75508105990326,
          92.47346711464787,
          82.83505864745375,
          197.47285782849983,
          529.7378593165779,
          905.5969547527125,
          -69.1834052072043
        ]
      ],
      "geom": [
        [
          2580.282440476367,
          -366.2497044842894,
          0.0,
          -22.021748691258836,
          0.0,
          3980.7035602734686,
          0.0,
          0.0
        ],
        [
          4643.528955057263,
          -255.46412757648795,
          -201.6886799083295,
          118.21375437648385,
          -96.19193974685913,
          602.9059488810162,
          1602.764805284096,
          0.0
        ]
      ],
      "total": [
        [
          1946.4388155468057,
          -676.3166062824481,
          0.0,
          -1030.7912417969721,
          0.0,
          -797.7713261277027,
          0.0,
          1070.9900863740866
        ],
        [
          10124.941028928426,
          -685.6357485953007,
          -1085.553542214967,
          -954.7647718712757,
          -2298.4043279358048,
          -6114.845314920289,
          -10419.674666015086,
          803.2425647805649
        ]
      ]
    },
    "hessian": [
      [
        45701.282738264126,
        -17427.45596061468,
        0.0,
        -27404.143388594093,
        0.0,
        -27490.870943438495,
        0.0,
        28508.80381629395,
        262220.51768854726,
        -17849.601401849213,
        -28579.555216765584,
        -25600.739394349148,
        -61030.33248564316,
        -163719.0955807455,
        -279880.91049337527,
        21381.60286335733
      ],
      [
        -17427.45596061468,
        6367.803381408521,
        0.0,
        9991.000322315813,
        0.0,
        10081.009515943151,
        0.0,
        -10403.19671119505,
        0.0,
        6515.316098330004,
        10429.667161133693,
        9334.597606311945,
        22287.188921836787,
        59885.64599647361,
        102334.62571704877,
        -7802.39753225942
      ],
      [
        0.0,
        0.0,
        0.0,
        0.0,
        0.0,
        0.0,
        0.0,
        0.0,
        0.0,
        0.0,
        0.0,
        0.0,
        0.0,
        0.0,
        0.0,
        0.0
      ],
      [
        -27404.143388594093,
        9991.000322315813,
        0.0,
        15816.248619557882,
        0.0,
        15638.261086223793,
        0.0,
        -16358.708146526624,
        0.0,
        0.0,
        0.0,
        14675.31723733373,
        34943.26673717296,
        93979.82282280282,
        160646.9390935672,
        -12269.031108189665
      ],
      [
        0.0,
        0.0,
        0.0,
        0.0,
        0.0,
        0.0,
        0.0,
        0.0,
        0.0,
        0.0,
        0.0,
        0.0,
        0.0,
        0.0,
        0.0,
        0.0
      ],
      [
        -27490.870943438495,
        10081.009515943151,
        0.0,
        15638.261086223793,
        0.0,
        5484.569817326701,
        0.0,
        -16410.452633408568,
        0.0,
        0.0,
        0.0,
        0.0,
        0.0,
        96405.52762903098,
        161463.06223163265,
        -12307.839473351123
      ],
      [
        0.0,
        0.0,
        0.0,
        0.0,
        0.0,
        0.0,
        0.0,
        0.0,
        0.0,
        0.0,
        0.0,
        0.0,
        0.0,
        0.0,
        0.0,
        0.0
      ],
      [
        28508.80381629395,
        -10403.19671119505,
        0.0,
        -16358.708146526624,
        0.0,
        -16410.452633408568,
        0.0,
        17018.114244820026,
        0.0,
        0.0,
        0.0,
        0.0,
        0.0,
        0.0,
        0.0,
        12763.58568361502
      ],
      [
        262220.51768854726,
        0.0,
        0.0,
        0.0,
        0.0,
        0.0,
        0.0,
        0.0,
        1427218.3932553162,
        -98005.05865200648,
        -156918.96543103212,
        -140563.47306905081,
        -335093.27073261375,
        -898916.4073500433,
        -1536714.7104007017,
        117397.87323676865
      ],
      [
        -17849.601401849213,
        6515.316098330004,
        0.0,
        0.0,
        0.0,
        0.0,
        0.0,
        0.0,
        -98005.05865200648,
        6673.72352950224,
        10683.024709123856,
        9560.577555021155,
        22815.293532403302,
        61503.3249505359,
        104775.68885107758,
        -7991.396971647191
      ],
      [
        -28579.555216765584,
        10429.667161133693,
        0.0,
        0.0,
        0.0,
        0.0,
        0.0,
        0.0,
        -156918.96543103212,
        10683.024709123856,
        17105.630051901244,
        15315.925247705309,
        36529.877365865104,
        97997.26228266081,
        168257.78182465,
        -12795.283909099453
      ],
      [
        -25600.739394349148,
        9334.597606311945,
        0.0,
        14675.31723733373,
        0.0,
        0.0,
        0.0,
        0.0,
        -140563.47306905081,
        9560.577555021155,
        15315.925247705309,
        13750.028690537874,
        32703.469792068063,
        87621.40878388891,
        149931.8191599741,
        -11461.658866664948
      ],
      [
        -61030.33248564316,
        22287.188921836787,
        0.0,
        34943.26673717296,
        0.0,
        0.0,
        0.0,
        0.0,
        -335093.27073261375,
        22815.293532403302,
        36529.877365865104,
        32703.469792068063,
        78079.7850120507,
        209322.64761540864,
        357713.05487287464,
        -27323.7035605689
      ],
      [
        -163719.0955807455,
        59885.64599647361,
        0.0,
        93979.82282280282,
        0.0,
        96405.52762903098,
        0.0,
        0.0,
        -898916.4073500433,
        61503.3249505359,
        97997.26228266081,
        87621.40878388891,
        209322.64761540864,
        558948.025227437,
        960434.0675650747,
        -73298.11135832642
      ],
      [
        -279880.91049337527,
        102334.62571704877,
        0.0,
        160646.9390935672,
        0.0,
        161463.06223163265,
        0.0,
        0.0,
        -1536714.7104007017,
        104775.68885107758,
        168257.78182465,
        149931.8191599741,
        357713.05487287464,
        960434.0675650747,
        1642437.6735085389,
        -125304.58322544291
      ],
      [
        21381.60286335733,
        -7802.39753225942,
        0.0,
        -12269.031108189665,
        0.0,
        -12307.839473351123,
        0.0,
        12763.58568361502,
        117397.87323676865,
        -7991.396971647191,
        -12795.283909099453,
        -11461.658866664948,
        -27323.7035605689,
        -73298.11135832642,
        -125304.58322544291,
        9572.685632974753
      ]
    ]
  },
  {
    "index": 2,
    "name": "C3H4-0",
    "time": 5434,
    "datum": [
      0.0,
      0.0,
      15.4
    ],
    "hf": 68.4203063768827,
    "dipole": 0.48946999082165593,
    "ie": 9.690259202311221,
    "geomGradient": 0.0,
    "totalError": 7941.452322385667,
    "gradient": {
      "hf": [
        [
          -156.4395162447925,
          57.199894566345684,
          0.0,
          86.65021734572802,
          0.0,
          101.87686093786226,
          0.0,
          -92.2445402762724
        ],
        [
          -901.1018090568236,
          56.65953258435326,
          92.16356299048803,
          84.30496222772032,
          198.0229815316413,
          566.8218233682053,
          945.0153696827103,
          -69.1834052072043
        ]
      ],
      "ie": [
        [
          0.0,
          0.042114879663134326,
          0.0,
          -0.44695825669908906,
          0.0,
          1.4733687773471424,
          0.0,
          0.0
        ],
        [
          0.0,
          -0.032349019702964624,
          -0.126189204404449,
          0.10706329271527348,
          -0.6601050360161875,
          -0.5970588446373253,
          -1.9600640310765425,
          0.0
        ]
      ],
      "total": [
        [
          -42814.55852368008,
          15606.444234498573,
          0.0,
          24224.94083230048,
          0.0,
          26199.273388722475,
          0.0,
          -25245.598829189017
        ],
        [
          -246614.64740972454,
          15543.591217882327,
          25367.53839610047,
          22950.424648778335,
          54948.97799521503,
          155810.3015125929,
          260871.25601108046,
          -18934.199121891765
        ]
      ]
    },
    "hessian": [
      [
        146699.24188638106,
        -35793.29557396704,
        0.0,
        -54222.07272204105,
        0.0,
        -63750.267727300525,
        0.0,
        57722.765413927846,
        563871.7280817218,
        -35455.15970472479,
        -57672.09317127708,
        -52754.51036141021,
        -123914.47853588033,
        -354693.3294273913,
        -591350.9929087013,
        43292.07407863578
      ],
      [
        -35793.29557396704,
        12860.900205851067,
        0.0,
        19990.215805592015,
        0.0,
        22348.240818246268,
        0.0,
        -21105.5421459605,
        0.0,
        12884.28187763202,
        21168.830389797222,
        19518.83328729309,
        44904.69647862483,
        125989.33855770156,
        212139.4663117826,
        -15829.156582185533
      ],
      [
        0.0,
        0.0,
        0.0,
        0.0,
        0.0,
        0.0,
        0.0,
        0.0,
        0.0,
        0.0,
        0.0,
        0.0,
        0.0,
        0.0,
        0.0,
        0.0
      ],
      [
        -54222.07272204105,
        19990.215805592015,
        0.0,
        28100.83511576522,
        0.0,
        37706.44332689699,
        0.0,
        -31972.09822246805,
        0.0,
        0.0,
        0.0,
        29556.88014480984,
        70320.06884401198,
        196030.72927566245,
        324801.24762514606,
        -23979.073666851036
      ],
      [
        0.0,
        0.0,
        0.0,
        0.0,
        0.0,
        0.0,
        0.0,
        0.0,
        0.0,
        0.0,
        0.0,
        0.0,
        0.0,
        0.0,
        0.0,
        0.0
      ],
      [
        -63750.267727300525,
        22348.240818246268,
        0.0,
        37706.44332689699,
        0.0,
        285205.4850154673,
        0.0,
        -37590.39500437211,
        0.0,
        0.0,
        0.0,
        0.0,
        0.0,
        188997.28951510042,
        387531.1044976115,
        -28192.79623508919
      ],
      [
        0.0,
        0.0,
        0.0,
        0.0,
        0.0,
        0.0,
        0.0,
        0.0,
        0.0,
        0.0,
        0.0,
        0.0,
        0.0,
        0.0,
        0.0,
        0.0
      ],
      [
        57722.765413927846,
        -21105.5421459605,
        0.0,
        -31972.09822246805,
        0.0,
        -37590.39500437211,
        0.0,
        34036.228498735,
        0.0,
        0.0,
        0.0,
        0.0,
        0.0,
        0.0,
        0.0,
        25527.171419525985
      ],
      [
        563871.7280817218,
        0.0,
        0.0,
        0.0,
        0.0,
        0.0,
        0.0,
        0.0,
        3580180.4531365633,
        -204224.03458724148,
        -332195.0219833525,
        -303869.423805736,
        -713755.4862129036,
        -2043056.7345465533,
        -3406220.325268805,
        249365.17285823356
      ],
      [
        -35455.15970472479,
        12884.28187763202,
        0.0,
        0.0,
        0.0,
        0.0,
        0.0,
        0.0,
        -204224.03458724148,
        12761.925227096071,
        20847.483538091183,
        19324.072636663914,
        44699.16857487988,
        120627.38271197304,
        209523.52875610813,
        -15679.64023706736
      ],
      [
        -57672.09317127708,
        21168.830389797222,
        0.0,
        0.0,
        0.0,
        0.0,
        0.0,
        0.0,
        -332195.0219833525,
        20847.483538091183,
        33894.34928976698,
        31209.686494548805,
        72874.91556780878,
        207595.76029377058,
        330034.7601179965,
        -25504.78162447689
      ],
      [
        -52754.51036141021,
        19518.83328729309,
        0.0,
        29556.88014480984,
        0.0,
        0.0,
        0.0,
        0.0,
        -303869.423805736,
        19324.072636663914,
        31209.686494548805,
        27713.871459127404,
        67134.71273542382,
        194898.2450994663,
        321561.5628869273,
        -23330.03289095359
      ],
      [
        -123914.47853588033,
        44904.69647862483,
        0.0,
        70320.06884401198,
        0.0,
        0.0,
        0.0,
        0.0,
        -713755.4862129036,
        44699.16857487988,
        72874.91556780878,
        67134.71273542382,
        154942.050066893,
        445770.4772357829,
        748790.243815165,
        -54799.62237586733
      ],
      [
        -354693.3294273913,
        125989.33855770156,
        0.0,
        196030.72927566245,
        0.0,
        188997.28951510042,
        0.0,
        0.0,
        -2043056.7345465533,
        120627.38271197304,
        207595.76029377058,
        194898.2450994663,
        445770.4772357829,
        1334080.4993640631,
        2112365.1301604696,
        -156858.6528810556
      ],
      [
        -591350.9929087013,
        212139.4663117826,
        0.0,
        324801.24762514606,
        0.0,
        387531.1044976115,
        0.0,
        0.0,
        -3406220.325268805,
        209523.52875610813,
        330034.7601179965,
        321561.5628869273,
        748790.243815165,
        2112365.1301604696,
        3513838.1345313974,
        -261517.561157234
      ],
      [
        43292.07407863578,
        -15829.156582185533,
        0.0,
        -23979.073666851036,
        0.0,
        -28192.79623508919,
        0.0,
        25527.171419525985,
        249365.17285823356,
        -15679.64023706736,
        -25504.78162447689,
        -23330.03289095359,
        -54799.62237586733,
        -156858.6528810556,
        -261517.561157234,
        19145.37133416161
      ]
    ]
  },
  {
    "index": 3,
    "name": "C3H4-0",
    "time": 7527,
    "datum": [
      430.6,
      0.0,
      0.0
    ],
    "hf": 42.03085274944274,
    "dipole": 0.041783554416879885,
    "ie": 10.571607001894218,
    "geomGradient": 700.7835302044405,
    "totalError": 151010.04597527935,
    "gradient": {
      "hf": [
        [
          -155.81540771511922,
          56.089642674041365,
          0.0,
          89.39834153272416,
          0.0,
          85.6599948069589,
          0.0,
          -92.2445402762724
        ],
        [
          -843.555262782608,
          57.220916054327006,
          94.22753013745128,
          82.88615204824248,
          196.69366752412301,
          522.0079380393213,
          908.1194470175546,
          -69.1834052072043
        ]
      ],
      "geom": [
        [
          1120.276828032729,
          -153.1832992895943,
          0.0,
          -59.74881219117378,
          0.0,
          1910.1216787476005,
          0.0,
          0.0
        ],
        [
          8914.732001130687,
          -336.10654440963117,
          -530.2953127284127,
          190.11682411473885,
          -130.3697320054198,
          2175.2634984295582,
          1885.3722770018067,
          0.0
        ]
      ],
      "total": [
        [
          121167.05722065836,
          -43599.929383539406,
          0.0,
          -69478.97802635563,
          0.0,
          -66438.4812535654,
          0.0,
          71686.76470734172
        ],
        [
          656171.3333778483,
          -44491.647829461326,
          -73264.24104375913,
          -64400.94622809409,
          -152867.13469304683,
          -405522.9685782333,
          -705604.9169501951,
          53765.073530506284
        ]
      ]
    },
    "hessian": [
      [
        -91622.05620668828,
        -17479.25256495364,
        0.0,
        -27859.264373546466,
        0.0,
        -26694.28096851334,
        0.0,
        28746.227180818096,
        262877.686182037,
        -17831.791992648505,
        -29364.187648752704,
        -25829.866572166793,
        -61295.778141357005,
        -162673.67987893522,
        -282997.8649970144,
        21559.67042199336
      ],
      [
        -17479.25256495364,
        6921.380118001252,
        0.0,
        9331.295877927914,
        0.0,
        13673.546927748248,
        0.0,
        -10347.882780479267,
        0.0,
        6533.217019750737,
        10635.723592713475,
        8783.523298916407,
        23276.712163351476,
        67980.25977332145,
        115947.50569202006,
        -7760.912048979662
      ],
      [
        0.0,
        0.0,
        0.0,
        0.0,
        0.0,
        0.0,
        0.0,
        0.0,
        0.0,
        0.0,
        0.0,
        0.0,
        0.0,
        0.0,
        0.0,
        0.0
      ],
      [
        -27859.264373546466,
        9331.295877927914,
        0.0,
        22211.181494640186,
        0.0,
        5518.840189324692,
        0.0,
        -16493.162693222985,
        0.0,
        0.0,
        0.0,
        13889.179972466081,
        29872.289742343128,
        95480.50526063889,
        165308.19004401565,
        -12369.87198353745
      ],
      [
        0.0,
        0.0,
        0.0,
        0.0,
        0.0,
        0.0,
        0.0,
        0.0,
        0.0,
        0.0,
        0.0,
        0.0,
        0.0,
        0.0,
        0.0,
        0.0
      ],
      [
        -26694.28096851334,
        13673.546927748248,
        0.0,
        5518.840189324692,
        0.0,
        -658681.7733477801,
        0.0,
        -15803.342539584264,
        0.0,
        0.0,
        0.0,
        0.0,
        0.0,
        218518.1831009686,
        177528.13873812556,
        -11852.50686830841
      ],
      [
        0.0,
        0.0,
        0.0,
        0.0,
        0.0,
        0.0,
        0.0,
        0.0,
        0.0,
        0.0,
        0.0,
        0.0,
        0.0,
        0.0,
        0.0,
        0.0
      ],
      [
        28746.227180818096,
        -10347.882780479267,
        0.0,
        -16493.162693222985,
        0.0,
        -15803.342539584264,
        0.0,
        17018.11168459244,
        0.0,
        0.0,
        0.0,
        0.0,
        0.0,
        0.0,
        0.0,
        12763.583799824119
      ],
      [
        262877.686182037,
        0.0,
        0.0,
        0.0,
        0.0,
        0.0,
        0.0,
        0.0,
        597602.9171142727,
        -96537.99446823541,
        -158972.23274805583,
        -139838.0775208352,
        -331843.90456881374,
        -880684.9480606616,
        -1532097.6357907057,
        116720.03267449327
      ],
      [
        -17831.791992648505,
        6533.217019750737,
        0.0,
        0.0,
        0.0,
        0.0,
        0.0,
        0.0,
        -96537.99446823541,
        6709.267327096313,
        10868.32897271961,
        8979.824269772507,
        22861.09927808866,
        80325.64772292972,
        115109.10582728684,
        -7917.502225609496
      ],
      [
        -29364.187648752704,
        10635.723592713475,
        0.0,
        0.0,
        0.0,
        0.0,
        0.0,
        0.0,
        -158972.23274805583,
        10868.32897271961,
        17912.056937348098,
        15350.683243013918,
        37574.4589837268,
        99877.17028707266,
        223170.44553346932,
        -13037.979588261805
      ],
      [
        -25829.866572166793,
        8783.523298916407,
        0.0,
        13889.179972466081,
        0.0,
        0.0,
        0.0,
        0.0,
        -139838.0775208352,
        8979.824269772507,
        15350.683243013918,
        15511.631354456767,
        31765.60567226261,
        77352.47258096933,
        143960.59443242848,
        -11468.67471106816
      ],
      [
        -61295.778141357005,
        23276.712163351476,
        0.0,
        29872.289742343128,
        0.0,
        0.0,
        0.0,
        0.0,
        -331843.90456881374,
        22861.09927808866,
        37574.4589837268,
        31765.60567226261,
        83513.87601578608,
        212387.53746729344,
        360886.2718101591,
        -27215.96298215445
      ],
      [
        -162673.67987893522,
        67980.25977332145,
        0.0,
        95480.50526063889,
        0.0,
        218518.1831009686,
        0.0,
        0.0,
        -880684.9480606616,
        80325.64772292972,
        99877.17028707266,
        77352.47258096933,
        212387.53746729344,
        364240.2694094926,
        1024751.9600670785,
        -72228.41813927516
      ],
      [
        -282997.8649970144,
        115947.50569202006,
        0.0,
        165308.19004401565,
        0.0,
        177528.13873812556,
        0.0,
        0.0,
        -1532097.6357907057,
        115109.10582728684,
        223170.44553346932,
        143960.59443242848,
        360886.2718101591,
        1024751.9600670785,
        1810193.780111149,
        -125653.64813781343
      ],
      [
        21559.67042199336,
        -7760.912048979662,
        0.0,
        -12369.87198353745,
        0.0,
        -11852.50686830841,
        0.0,
        12763.583799824119,
        116720.03267449327,
        -7917.502225609496,
        -13037.979588261805,
        -11468.67471106816,
        -27215.96298215445,
        -72228.41813927516,
        -125653.64813781343,
        9572.687486070208
      ]
    ]
  },
  {
    "index": 4,
    "name": "C3H5-1",
    "time": 6219,
    "datum": [
      170.9,
      0.0,
      0.0
    ],
    "hf": 214.8271508714203,
    "dipole": 1.0286819944574714,
    "ie": 17.417414563732418,
    "geomGradient": 706.2176120994869,
    "totalError": 1954.033006146855,
    "gradient": {
      "hf": [
        [
          -191.73125324626236,
          70.84234407009987,
          0.0,
          104.52836574089595,
          0.0,
          118.20685076772253,
          0.0,
          -115.3056753453405
        ],
        [
          -819.0518243222976,
          57.46840799796672,
          90.53447328403887,
          85.81387317773894,
          178.63592218645476,
          566.8370906825594,
          892.2268206197814,
          -69.1834052072043
        ]
      ],
      "geom": [
        [
          3237.134467326541,
          -481.98014837907976,
          0.0,
          -162.81507555504504,
          0.0,
          5190.3291216603975,
          0.0,
          0.0
        ],
        [
          -34.518481015766156,
          -170.64834651137062,
          41.103929788732785,
          73.35984378187277,
          89.45424497142085,
          -486.16863409733924,
          1828.4633358689462,
          0.0
        ]
      ],
      "total": [
        [
          -16620.375481621202,
          6190.447150896858,
          0.0,
          9171.998262847188,
          0.0,
          10744.199515572744,
          0.0,
          -10130.099594451556
        ],
        [
          -71959.61511784032,
          5037.036399891405,
          7956.687709301132,
          7544.195093221492,
          15700.125277880421,
          49765.42940037816,
          78512.51103685069,
          -6078.059756670934
        ]
      ]
    },
    "hessian": [
      [
        93056.3564907061,
        -27165.375477125053,
        0.0,
        -40082.698287733365,
        0.0,
        -45327.88299911772,
        0.0,
        44215.39131726604,
        314075.58053615503,
        -22036.973814465455,
        -34716.56665169576,
        -32906.39399892825,
        -68500.15994132264,
        -217360.7127770083,
        -342135.44029626064,
        26529.234792178613
      ],
      [
        -27165.375477125053,
        9975.761922760285,
        0.0,
        14839.693067187909,
        0.0,
        16252.344757958781,
        0.0,
        -16337.036704499042,
        0.0,
        8125.134299916681,
        12826.541887989151,
        12225.707760080695,
        25213.116678060032,
        79022.49875769485,
        124492.6820800174,
        -9802.222020880436
      ],
      [
        0.0,
        0.0,
        0.0,
        0.0,
        0.0,
        0.0,
        0.0,
        0.0,
        0.0,
        0.0,
        0.0,
        0.0,
        0.0,
        0.0,
        0.0,
        0.0
      ],
      [
        -40082.698287733365,
        14839.693067187909,
        0.0,
        21082.423700136133,
        0.0,
        25696.026932564564,
        0.0,
        -24105.373177008005,
        0.0,
        0.0,
        0.0,
        18070.8243715344,
        37983.94611294498,
        118141.61895017605,
        185841.50355309248,
        -14463.223906204803
      ],
      [
        0.0,
        0.0,
        0.0,
        0.0,
        0.0,
        0.0,
        0.0,
        0.0,
        0.0,
        0.0,
        0.0,
        0.0,
        0.0,
        0.0,
        0.0,
        0.0
      ],
      [
        -45327.88299911772,
        16252.344757958781,
        0.0,
        25696.026932564564,
        0.0,
        120429.8467564513,
        0.0,
        -27259.83797063236,
        0.0,
        0.0,
        0.0,
        0.0,
        0.0,
        112799.75013167132,
        209971.5317308437,
        -16355.902780560427
      ],
      [
        0.0,
        0.0,
        0.0,
        0.0,
        0.0,
        0.0,
        0.0,
        0.0,
        0.0,
        0.0,
        0.0,
        0.0,
        0.0,
        0.0,
        0.0,
        0.0
      ],
      [
        44215.39131726604,
        -16337.036704499042,
        0.0,
        -24105.373177008005,
        0.0,
        -27259.83797063236,
        0.0,
        26590.803536237217,
        0.0,
        0.0,
        0.0,
        0.0,
        0.0,
        0.0,
        0.0,
        15954.482114466373
      ],
      [
        314075.58053615503,
        0.0,
        0.0,
        0.0,
        0.0,
        0.0,
        0.0,
        0.0,
        1436888.4489522316,
        -94139.1946253134,
        -148304.82863544603,
        -140571.99755370675,
        -292624.111771147,
        -928537.7663763938,
        -1461559.7897500265,
        113329.57140439248
      ],
      [
        -22036.973814465455,
        8125.134299916681,
        0.0,
        0.0,
        0.0,
        0.0,
        0.0,
        0.0,
        -94139.1946253134,
        6582.0197505672695,
        10396.194775239564,
        9929.88992948085,
        20490.783026616555,
        62653.850836795755,
        101354.43328181282,
        -7951.681691338308
      ],
      [
        -34716.56665169576,
        12826.541887989151,
        0.0,
        0.0,
        0.0,
        0.0,
        0.0,
        0.0,
        -148304.82863544603,
        10396.194775239564,
        16371.391066059005,
        15570.182522424147,
        32314.01577068027,
        102363.80403512157,
        155909.1937087942,
        -12526.955506473314
      ],
      [
        -32906.39399892825,
        12225.707760080695,
        0.0,
        18070.8243715344,
        0.0,
        0.0,
        0.0,
        0.0,
        -140571.99755370675,
        9929.88992948085,
        15570.182522424147,
        14515.96133847488,
        30740.043366677128,
        98433.26151894871,
        153900.54948511533,
        -11873.786479554838
      ],
      [
        -68500.15994132264,
        25213.116678060032,
        0.0,
        37983.94611294498,
        0.0,
        0.0,
        0.0,
        0.0,
        -292624.111771147,
        20490.783026616555,
        32314.01577068027,
        30740.043366677128,
        63101.361265580636,
        201725.63163214363,
        318681.5833032597,
        -24717.259793760604
      ],
      [
        -217360.7127770083,
        79022.49875769485,
        0.0,
        118141.61895017605,
        0.0,
        112799.75013167132,
        0.0,
        0.0,
        -928537.7663763938,
        62653.850836795755,
        102363.80403512157,
        98433.26151894871,
        201725.63163214363,
        651054.9764789175,
        1004071.2503541727,
        -78431.42322599306
      ],
      [
        -342135.44029626064,
        124492.6820800174,
        0.0,
        185841.50355309248,
        0.0,
        209971.5317308437,
        0.0,
        0.0,
        -1461559.7897500265,
        101354.43328181282,
        155909.1937087942,
        153900.54948511533,
        318681.5833032597,
        1004071.2503541727,
        1575561.2337670755,
        -123454.52902081888
      ],
      [
        26529.234792178613,
        -9802.222020880436,
        0.0,
        -14463.223906204803,
        0.0,
        -16355.902780560427,
        0.0,
        15954.482114466373,
        113329.57140439248,
        -7951.681691338308,
        -12526.955506473314,
        -11873.786479554838,
        -24717.259793760604,
        -78431.42322599306,
        -123454.52902081888,
        9572.689268679824
      ]
    ]
  },
  {
    "index": 5,
    "name": "C3H5-1",
    "time": 4672,
    "datum": [
      142.4,
      0.0,
      0.0
    ],
    "hf": 247.24074186312623,
    "dipole": 2.0412818264449766,
    "ie": 18.373431666443587,
    "geomGradient": 0.0,
    "totalError": 10991.581154410667,
    "gradient": {
      "hf": [
        [
          -191.6371828556258,
          71.35989396270637,
          0.0,
          98.6523570017595,
          0.0,
          152.6685379240111,
          0.0,
          -115.3056753453405
        ],
        [
          -885.3650022768754,
          56.84197178227388,
          92.55637158124277,
          86.67486140583932,
          183.65094269749088,
          600.831165694277,
          951.6014657393614,
          -69.1834052072043
        ]
      ],
      "total": [
        [
          -40182.76883828677,
          14962.848444648316,
          0.0,
          20685.572589220883,
          0.0,
          32011.76555022429,
          0.0,
          -24177.46508846856
        ],
        [
          -185644.64731671213,
          11918.708981232961,
          19407.35732147333,
          18174.113541343686,
          38508.202152534854,
          125983.17029174985,
          199533.20725230587,
          -14506.479053081139
        ]
      ]
    },
    "hessian": [
      [
        120479.4057412073,
        -27350.41847699904,
        0.0,
        -37810.92007557163,
        0.0,
        -58513.93783814274,
        0.0,
        44193.71016410878,
        339337.7145403065,
        -21786.070974485483,
        -35474.48508470552,
        -33220.25298984954,
        -70388.6995324865,
        -230283.18712022156,
        -364724.4529565796,
        26516.22611665516
      ],
      [
        -27350.41847699904,
        10055.090624518925,
        0.0,
        14081.377375987358,
        0.0,
        20059.049857081845,
        0.0,
        -16456.28894038964,
        0.0,
        8063.59881607932,
        13213.12302025035,
        12550.173414638266,
        26028.57355668675,
        82420.77339673415,
        131284.7065855749,
        -9873.773342405912
      ],
      [
        0.0,
        0.0,
        0.0,
        0.0,
        0.0,
        0.0,
        0.0,
        0.0,
        0.0,
        0.0,
        0.0,
        0.0,
        0.0,
        0.0,
        0.0,
        0.0
      ],
      [
        -37810.92007557163,
        14081.377375987358,
        0.0,
        17616.582081245724,
        0.0,
        32823.97206930909,
        0.0,
        -22750.308889953885,
        0.0,
        0.0,
        0.0,
        17365.579151373822,
        37818.82689509075,
        118029.06286902726,
        186441.75113877282,
        -13650.185319420416
      ],
      [
        0.0,
        0.0,
        0.0,
        0.0,
        0.0,
        0.0,
        0.0,
        0.0,
        0.0,
        0.0,
        0.0,
        0.0,
        0.0,
        0.0,
        0.0,
        0.0
      ],
      [
        -58513.93783814274,
        20059.049857081845,
