[
  {
    "index": 0,
    "name": "C1H1-0",
    "time": 1261,
    "datum": [
      365.7,
      0.0,
      0.0
    ],
    "hf": 145.50163792177398,
    "dipole": 0.898838762013314,
    "ie": 9.301484493763688,
    "geomGradient": 0.0,
    "totalError": 48487.318661933525,
    "gradient": {
      "hf": [
        [
          -40.420903815174825,
          13.133382026353502,
          0.0,
          25.858217043150944,
          0.0,
          4.1541065343153605,
          0.0,
          -23.061133731516748
        ],
        [
          -53.000572677319724,
          4.21518024040779,
          8.918188711959374,
          42.47519370892405,
          46.97225108429848,
          49.14075077522284,
          81.54208956057118,
          -23.06112719452358
        ]
      ],
      "total": [
        [
          17801.233627646026,
          -5783.898421501308,
          0.0,
          -11387.874078330213,
          0.0,
          -1829.4549095093967,
          0.0,
          10156.047750693831
        ],
        [
          23341.278585507564,
          -1856.3515696045965,
          -3927.5410941559567,
          -18705.93616732089,
          -20686.425503779403,
          -21641.425663996768,
          -35910.86912334758,
          10156.044871823455
        ]
      ]
    },
    "hessian": [
      [
        -25521.005372866057,
        -1061.7263433232438,
        0.0,
        -30879.12931732717,
        0.0,
        -29124.529785349296,
        0.0,
        1864.3037401488982,
        4284.662099962588,
        -29129.467093298445,
        -29509.666796911915,
        -32222.475747403223,
        -3797.321660385933,
        -3972.6271279505454,
        -35380.71418006439,
        1864.3032126419712
      ],
      [
        -1061.7263433232438,
        57922.37865534844,
        0.0,
        58256.618885934586,
        0.0,
        57686.522141011665,
        0.0,
        -605.7413520466071,
        0.0,
        110.71914514104719,
        -116172.24521614844,
        -56461.721324012615,
        58811.216258618515,
        1290.7684867968783,
        59719.25405901857,
        -605.7411883375607
      ],
      [
        0.0,
        0.0,
        0.0,
        0.0,
        0.0,
        0.0,
        0.0,
        0.0,
        0.0,
        0.0,
        0.0,
        0.0,
        0.0,
        0.0,
        0.0,
        0.0
      ],
      [
        -30879.12931732717,
        58256.618885934586,
        0.0,
        -57491.79485064815,
        0.0,
        -57362.571296835085,
        0.0,
        -1192.6395927730482,
        0.0,
        0.0,
        0.0,
        -114209.83097195858,
        60006.64423481794,
        60118.79126162967,
        -53360.34075298812,
        -1192.6392653549556
      ],
      [
        0.0,
        0.0,
        0.0,
        0.0,
        0.0,
        0.0,
        0.0,
        0.0,
        0.0,
        0.0,
        0.0,
        0.0,
        0.0,
        0.0,
        0.0,
        0.0
      ],
      [
        -29124.529785349296,
        57686.522141011665,
        0.0,
        -57362.571296835085,
        0.0,
        -172697.7091198023,
        0.0,
        -191.59680960001424,
        0.0,
        0.0,
        0.0,
        0.0,
        0.0,
        57985.679268313106,
        -114477.34577814117,
        -191.59675503033213
      ],
      [
        0.0,
        0.0,
        0.0,
        0.0,
        0.0,
        0.0,
        0.0,
        0.0,
        0.0,
        0.0,
        0.0,
        0.0,
        0.0,
        0.0,
        0.0,
        0.0
      ],
      [
        1864.3037401488982,
        -605.7413520466071,
        0.0,
        -1192.6395927730482,
        0.0,
        -191.59680960001424,
        0.0,
        1063.6317892931402,
        0.0,
        0.0,
        0.0,
        0.0,
        0.0,
        0.0,
        0.0,
        29852.335555915488
      ],
      [
        4284.662099962588,
        0.0,
        0.0,
        0.0,
        0.0,
        0.0,
        0.0,
        0.0,
        -21918.900274613407,
        -27983.835598206497,
        -29734.04268232116,
        -33291.12365463516,
        -4979.112381988671,
        -5208.975890127476,
        -37432.25934158545,
        2444.5058988931123
      ],
      [
        -29129.467093298445,
        110.71914514104719,
        0.0,
        0.0,
        0.0,
        0.0,
        0.0,
        0.0,
        -27983.835598206497,
        116442.03313608159,
        -57502.22388996917,
        -57219.326263293624,
        -57181.414413207676,
        115569.08910279162,
        -114467.38564700354,
        -194.4136238307692
      ],
      [
        -29509.666796911915,
        -116172.24521614844,
        0.0,
        0.0,
        0.0,
        0.0,
        0.0,
        0.0,
        -29734.04268232116,
        -57502.22388996917,
        -58670.0219037084,
        -173226.3011217583,
        -56739.592509984504,
        -375.1898111659102,
        -113700.3990879748,
        -411.32696424028836
      ],
      [
        -32222.475747403223,
        -56461.721324012615,
        0.0,
        -114209.83097195858,
        0.0,
        0.0,
        0.0,
        0.0,
        -33291.12365463516,
        -57219.326263293624,
        -173226.3011217583,
        -53969.122272974346,
        -53587.095499096904,
        4174.525784037542,
        6927.032154635526,
        -1959.0516967582516
      ],
      [
        -3797.321660385933,
        58811.216258618515,
        0.0,
        60006.64423481794,
        0.0,
        0.0,
        0.0,
        0.0,
        -4979.112381988671,
        -57181.414413207676,
        -56739.592509984504,
        -53587.095499096904,
        61990.191097720526,
        4616.503356373869,
        -49916.9752583839,
        -2166.466110793408
      ],
      [
        -3972.6271279505454,
        1290.7684867968783,
        0.0,
        60118.79126162967,
        0.0,
        57985.679268313106,
        0.0,
        0.0,
        -5208.975890127476,
        115569.08910279162,
        -375.1898111659102,
        4174.525784037542,
        4616.503356373869,
        177561.84555764776,
        8014.078994165175,
        -2266.482206323417
      ],
      [
        -35380.71418006439,
        59719.25405901857,
        0.0,
        -53360.34075298812,
        0.0,
        -114477.34577814117,
        0.0,
        0.0,
        -37432.25934158545,
        -114467.38564700354,
        -113700.3990879748,
        6927.032154635526,
        -49916.9752583839,
        8014.078994165175,
        -101856.58604314085,
        -3760.9050013998058
      ],
      [
        1864.3032126419712,
        -605.7411883375607,
        0.0,
        -1192.6392653549556,
        0.0,
        -191.59675503033213,
        0.0,
        29852.335555915488,
        2444.5058988931123,
        -194.4136238307692,
        -411.32696424028836,
        -1959.0516967582516,
        -2166.466110793408,
        -2266.482206323417,
        -3760.9050013998058,
        58641.039322537836
      ]
    ]
  },
  {
    "index": 1,
    "name": "C1H2-0",
    "time": 3472,
    "datum": [
      52.1,
      0.0,
      0.0
    ],
    "hf": 121.04427513671324,
    "dipole": 1.4570565272181852,
    "ie": 8.977019469543844,
    "geomGradient": 433.69755912681046,
    "totalError": 4762.529659193649,
    "gradient": {
      "hf": [
        [
          -86.26550160401375,
          26.33226208317905,
          0.0,
          49.23779145214495,
          0.0,
          12.276638891264154,
          0.0,
          -46.1222701381362
        ],
        [
          -108.28659718051031,
          10.443442938687376,
          17.16993529666652,
          36.976571299427526,
          52.152447662836074,
          118.50638421225071,
          154.7802155336431,
          -23.0611350690681
        ]
      ],
      "geom": [
        [
          -800.7742383142613,
          149.817932424412,
          0.0,
          -350.8103355898129,
          0.0,
          809.1624181361112,
          0.0,
          0.0
        ],
        [
          -970.6627611194563,
          264.1066873820819,
          -93.38080644738511,
          -262.04734751900105,
          611.8638833640944,
          2038.4210250767865,
          -1727.2835589210445,
          0.0
        ]
      ],
      "total": [
        [
          -11929.059750379116,
          3637.285059886853,
          0.0,
          6774.417414547924,
          0.0,
          1727.1992519836922,
          0.0,
          -6359.73296466695
        ],
        [
          -14972.73735814589,
          1451.2563643941892,
          2363.56858161898,
          5087.508179650576,
          7217.231060967035,
          16427.311223031684,
          21269.005901926983,
          -3179.866482333475
        ]
      ]
    },
    "hessian": [
      [
        28336.457653495017,
        -4543.131267382705,
        0.0,
        -8495.04494908615,
        0.0,
        -2118.100671850698,
        0.0,
        7957.520965646836,
        18682.793925108854,
        -1801.8175592260377,
        -2962.3459522554185,
        -6379.604483299772,
        -8997.913473649533,
        -20446.02391833905,
        -26704.383926698938,
        3978.760482823418
      ],
      [
        -4543.131267382705,
        1333.7224527276703,
        0.0,
        2683.435614017071,
        0.0,
        548.0635377352883,
        0.0,
        -2429.0358123835176,
        0.0,
        525.0653089206025,
        904.8437368619489,
        1996.131286432501,
        2607.54060036561,
        5368.519414332695,
        6801.8647652934305,
        -1214.5179061917588
      ],
      [
        0.0,
        0.0,
        0.0,
        0.0,
        0.0,
        0.0,
        0.0,
        0.0,
        0.0,
        0.0,
        0.0,
        0.0,
        0.0,
        0.0,
        0.0,
        0.0
      ],
      [
        -8495.04494908615,
        2683.435614017071,
        0.0,
        4185.590614724788,
        0.0,
        2455.3993739573343,
        0.0,
        -4541.935877568903,
        0.0,
        0.0,
        0.0,
        3586.9087878381833,
        5853.308330188156,
        12649.09889869159,
        14748.548674106132,
        -2270.9679387844517
      ],
      [
        0.0,
        0.0,
        0.0,
        0.0,
        0.0,
        0.0,
        0.0,
        0.0,
        0.0,
        0.0,
        0.0,
        0.0,
        0.0,
        0.0,
        0.0,
        0.0
      ],
      [
        -2118.100671850698,
        548.0635377352883,
        0.0,
        2455.3993739573343,
        0.0,
        60799.03521822416,
        0.0,
        -1174.1121670638677,
        0.0,
        0.0,
        0.0,
        0.0,
        0.0,
        -14442.286919802427,
        7071.870095387567,
        -587.0560835319338
      ],
      [
        0.0,
        0.0,
        0.0,
        0.0,
        0.0,
        0.0,
        0.0,
        0.0,
        0.0,
        0.0,
        0.0,
        0.0,
        0.0,
        0.0,
        0.0,
        0.0
      ],
      [
        7957.520965646836,
        -2429.0358123835176,
        0.0,
        -4541.935877568903,
        0.0,
        -1174.1121670638677,
        0.0,
        4254.527357261395,
        0.0,
        0.0,
        0.0,
        0.0,
        0.0,
        0.0,
        0.0,
        2127.2636786306975
      ],
      [
        18682.793925108854,
        0.0,
        0.0,
        0.0,
        0.0,
        0.0,
        0.0,
        0.0,
        39913.50589785725,
        -2261.769616325182,
        -3718.5474366197013,
        -8008.133518160321,
        -11294.82127907977,
        -25665.3041287791,
        -33521.24298544368,
        4994.423284188088
      ],
      [
        -1801.8175592260377,
        525.0653089206025,
        0.0,
        0.0,
        0.0,
        0.0,
        0.0,
        0.0,
        -2261.769616325182,
        143.36576214191155,
        389.95876820990816,
        870.0155831320444,
        891.6659862734377,
        1056.6440687398426,
        3526.423424773384,
        -481.66138640226563
      ],
      [
        -2962.3459522554185,
        904.8437368619489,
        0.0,
        0.0,
        0.0,
        0.0,
        0.0,
        0.0,
        -3718.5474366197013,
        389.95876820990816,
        573.9323796660756,
        1229.6267323108623,
        1847.3745330993552,
        4413.08286099229,
        3791.216731769964,
        -791.9264044176089
      ],
      [
        -6379.604483299772,
        1996.131286432501,
        0.0,
        3586.9087878381833,
        0.0,
        0.0,
        0.0,
        0.0,
        -8008.133518160321,
        870.0155831320444,
        1229.6267323108623,
        2580.5079530982766,
        4065.2546249475563,
        9839.869671850465,
        11118.01371735055,
        -1705.442437014426
      ],
      [
        -8997.913473649533,
        2607.54060036561,
        0.0,
        5853.308330188156,
        0.0,
        0.0,
        0.0,
        0.0,
        -11294.82127907977,
        891.6659862734377,
        1847.3745330993552,
        4065.2546249475563,
        4513.775775194517,
        10305.739160685334,
        16966.337061603554,
        -2405.382456345251
      ],
      [
        -20446.02391833905,
        5368.519414332695,
        0.0,
        12649.09889869159,
        0.0,
        -14442.286919802427,
        0.0,
        0.0,
        -25665.3041287791,
        1056.6440687398426,
        4413.08286099229,
        9839.869671850465,
        10305.739160685334,
        19174.884328094777,
        38227.361110330094,
        -5464.72838777845
      ],
      [
        -26704.383926698938,
        6801.8647652934305,
        0.0,
        14748.548674106132,
        0.0,
        7071.870095387567,
        0.0,
        0.0,
        -33521.24298544368,
        3526.423424773384,
        3791.216731769964,
        11118.01371735055,
        16966.337061603554,
        38227.361110330094,
        43199.77229897631,
        -7138.816022234096
      ],
      [
        3978.760482823418,
        -1214.5179061917588,
        0.0,
        -2270.9679387844517,
        0.0,
        -587.0560835319338,
        0.0,
        2127.2636786306975,
        4994.423284188088,
        -481.66138640226563,
        -791.9264044176089,
        -1705.442437014426,
        -2405.382456345251,
        -5464.72838777845,
        -7138.816022234096,
        1063.6315391820972
      ]
    ]
  },
  {
    "index": 2,
    "name": "C1H2-0",
    "time": 2759,
    "datum": [
      0.0,
      0.0,
      15.4
    ],
    "hf": 85.19238128606182,
    "dipole": 0.45179354730442917,
    "ie": 9.81461395905264,
    "geomGradient": 570.7822228338803,
    "totalError": 10393.359376779956,
    "gradient": {
      "hf": [
        [
          -93.02800478394602,
          28.279256696350785,
          0.0,
          41.29118636342355,
          0.0,
          49.64611889590742,
          0.0,
          -46.122267463033495
        ],
        [
          -118.25611110793943,
          15.474825403316572,
          14.396120491255715,
          31.059279166356646,
          66.01636286518442,
          163.53151465864357,
          119.14328410966846,
          -23.06112719452358
        ]
      ],
      "ie": [
        [
          -0.0,
          -0.0037482017489764985,
          0.0,
          -0.14944292914265134,
          0.0,
          -0.10364715308242012,
          0.0,
          -0.0
        ],
        [
          -0.0,
          -0.008670379969544229,
          0.004497753280929828,
          0.06578899203191213,
          -0.9163462344474738,
          -0.08970427956001004,
          -0.004396714103904742,
          -0.0
        ]
      ],
      "geom": [
        [
          1840.2381306259485,
          -263.2570135574497,
          0.0,
          103.36060540794278,
          0.0,
          2389.0613260846294,
          0.0,
          0.0
        ],
        [
          2110.8590306084807,
          -231.33709646572242,
          -43.15222099648963,
          115.48957559170958,
          -218.85015712541644,
          -718.1995670180186,
          1198.9341328444425,
          0.0
        ]
      ],
      "total": [
        [
          -31598.1722446893,
          9626.170189102466,
          0.0,
          14243.498906595394,
          0.0,
          17167.302339765836,
          0.0,
          -15717.06318195389
        ],
        [
          -40180.00442831906,
          5270.094164218469,
          4898.321015025573,
          10517.024530167057,
          23507.752372273877,
          55786.58951907954,
          40672.37618765315,
          -7858.529363368887
        ]
      ]
    },
    "hessian": [
      [
        101929.33572398033,
        12237.289411132224,
        0.0,
        -15364.946739282459,
        0.0,
        -18473.91755291028,
        0.0,
        17646.91263815621,
        66764.86103970092,
        16517.709618710796,
        16919.108684305684,
        11202.809619135223,
        -24565.48209011089,
        -60852.04207920469,
        -21574.30732040666,
        9065.585172720603
      ],
      [
        12237.289411132224,
        2889.3998023704626,
        0.0,
        4273.9827222249005,
        0.0,
        50057.02601920348,
        0.0,
        -4732.951128971763,
        0.0,
        -88346.01641865447,
        47855.46489983972,
        4394.412171677686,
        -171621.517110907,
        -71002.92488757987,
        12373.937788652256,
        -2124.343509422033
      ],
      [
        0.0,
        0.0,
        0.0,
        0.0,
        0.0,
        0.0,
        0.0,
        0.0,
        0.0,
        0.0,
        0.0,
        0.0,
        0.0,
        0.0,
        0.0,
        0.0
      ],
      [
        -15364.946739282459,
        4273.9827222249005,
        0.0,
        139488.6410162144,
        0.0,
        96711.91473898944,
        0.0,
        -7617.772571393289,
        0.0,
        0.0,
        0.0,
        5127.93158122804,
        -168952.54851988284,
        26417.0238369843,
        63325.79810987227,
        -3808.885203397949
      ],
      [
        0.0,
        0.0,
        0.0,
        0.0,
        0.0,
        0.0,
        0.0,
        0.0,
        0.0,
        0.0,
        0.0,
        0.0,
        0.0,
        0.0,
        0.0,
        0.0
      ],
      [
        -18473.91755291028,
        50057.02601920348,
        0.0,
        96711.91473898944,
        0.0,
        412195.9616895765,
        0.0,
        -9159.166293102317,
        0.0,
        0.0,
        0.0,
        0.0,
        0.0,
        31484.51571178157,
        112256.52400753461,
        -4579.581845973735
      ],
      [
        0.0,
        0.0,
        0.0,
        0.0,
        0.0,
        0.0,
        0.0,
        0.0,
        0.0,
        0.0,
        0.0,
        0.0,
        0.0,
        0.0,
        0.0,
        0.0
      ],
      [
        17646.91263815621,
        -4732.951128971763,
        0.0,
        -7617.772571393289,
        0.0,
        -9159.166293102317,
        0.0,
        8993.316823762143,
        0.0,
        0.0,
        0.0,
        0.0,
        0.0,
        0.0,
        0.0,
        -18021.553469225182
      ],
      [
        66764.86103970092,
        0.0,
        0.0,
        0.0,
        0.0,
        0.0,
        0.0,
        0.0,
        100974.4487964781,
        14956.106797399116,
        15466.360591744888,
        7584.2792102776,
        -31227.353356371168,
        -77354.40383839887,
        -33597.345754969865,
        10908.476879194495
      ],
      [
        16517.709618710796,
        -88346.01641865447,
        0.0,
        0.0,
        0.0,
        0.0,
        0.0,
        0.0,
        14956.106797399116,
        44716.32679269533,
        136619.31275237293,
        2716.164708544966,
        -219553.98227873957,
        -79180.11462606955,
        -81332.56473229267,
        -1427.4676686909515
      ],
      [
        16919.108684305684,
        47855.46489983972,
        0.0,
        0.0,
        0.0,
        0.0,
        0.0,
        0.0,
        15466.360591744888,
        136619.31275237293,
        136954.07330487797,
        92170.90922902571,
        -174495.3509842162,
        54961.12265973352,
        6265.501942834817,
        -1327.9630638862727
      ],
      [
        11202.809619135223,
        4394.412171677686,
        0.0,
        5127.93158122804,
        0.0,
        0.0,
        0.0,
        0.0,
        7584.2792102776,
        2716.164708544966,
        92170.90922902571,
        47618.01259519416,
        -125554.25997561542,
        -67796.658113366,
        15087.790015968494,
        -2865.047945306287
      ],
      [
        -24565.48209011089,
        -171621.517110907,
        0.0,
        -168952.54851988284,
        0.0,
        0.0,
        0.0,
        0.0,
        -31227.353356371168,
        -219553.98227873957,
        -174495.3509842162,
        -125554.25997561542,
        -342166.4567940752,
        -135890.32336312812,
        -102987.79408913106,
        -6089.64696766634
      ],
      [
        -60852.04207920469,
        -71002.92488757987,
        0.0,
        26417.0238369843,
        0.0,
        31484.51571178157,
        0.0,
        0.0,
        -77354.40383839887,
        -79180.11462606955,
        54961.12265973352,
        -67796.658113366,
        -135890.32336312812,
        -72316.405348829,
        -11367.966508259997,
        -15084.884234966012
      ],
      [
        -21574.30732040666,
        12373.937788652256,
        0.0,
        63325.79810987227,
        0.0,
        112256.52400753461,
        0.0,
        0.0,
        -33597.345754969865,
        -81332.56473229267,
        6265.501942834817,
        15087.790015968494,
        -102987.79408913106,
        -11367.966508259997,
        55677.29291215073,
        -10506.051030461094
      ],
      [
        9065.585172720603,
        -2124.343509422033,
        0.0,
        -3808.885203397949,
        0.0,
        -4579.581845973735,
        0.0,
        -18021.553469225182,
        10908.476879194495,
        -1427.4676686909515,
        -1327.9630638862727,
        -2865.047945306287,
        -6089.64696766634,
        -15084.884234966012,
        -10506.051030461094,
        -42424.89760144963
      ]
    ]
  },
  {
    "index": 3,
    "name": "C1H3-1",
    "time": 757,
    "datum": [
      430.6,
      0.0,
      0.0
    ],
    "hf": 266.3850537944984,
    "dipole": 2.697043037481438E-10,
    "ie": 22.390369421269426,
    "geomGradient": 66.9717138887328,
    "totalError": 26966.76833258839,
    "gradient": {
      "hf": [
        [
          -133.50000160289733,
          40.090606116687965,
          0.0,
          61.380644166952905,
          0.0,
          44.850191469420146,
          0.0,
          -69.1834052072043
        ],
        [
          -163.804594012984,
          19.008314522466588,
          23.974372857910154,
          30.070689373123255,
          46.91547687433248,
          212.55688885819563,
          210.94878674156095,
          -23.0611350690681
        ]
      ],
      "geom": [
        [
          -2767.8634626226994,
          328.0776738279201,
          0.0,
          173.06753107959594,
          0.0,
          -4178.008071704653,
          0.0,
          0.0
        ],
        [
          -2864.959073178852,
          211.56828196922106,
          128.01500758996553,
          -119.03005145086354,
          -53.86714207133991,
          115.65118470002744,
          -1128.76051900912,
          0.0
        ]
      ],
      "total": [
        [
          43827.22504443795,
          -13164.800205033458,
          0.0,
          -20158.10247821128,
          0.0,
          -14757.564778312451,
          0.0,
          22721.898328828953
        ],
        [
          53779.52180861593,
          -6241.51012266431,
          -7873.060506667454,
          -9876.894496901463,
          -15408.798564580953,
          -69809.27709382561,
          -69289.29564636228,
          7573.966109609651
        ]
      ]
    },
    "hessian": [
      [
        -14667.799478047527,
        -10704.191809054464,
        0.0,
        -16388.631956942845,
        0.0,
        -11975.001089012949,
        0.0,
        18471.969124220777,
        43735.82647531293,
        -5075.2199695125455,
        -6401.157534128288,
        -8028.874035517219,
        -12526.432292361278,
        -56752.68912455067,
        -56323.325843550265,
        6157.323041406926
      ],
      [
        -10704.191809054464,
        3411.577745282557,
        0.0,
        4770.35398944281,
        0.0,
        4088.8573857955635,
        0.0,
        -5547.162654693238,
        0.0,
        1573.5529723315267,
        1919.3241496395785,
        2231.921680504456,
        4092.049603059422,
        20220.964070176706,
        21447.442995849997,
        -1849.0542151994305
      ],
      [
        0.0,
        0.0,
        0.0,
        0.0,
        0.0,
        0.0,
        0.0,
        0.0,
        0.0,
        0.0,
        0.0,
        0.0,
        0.0,
        0.0,
        0.0,
        0.0
      ],
      [
        -16388.631956942845,
        4770.35398944281,
        0.0,
        9421.449249202851,
        0.0,
        2868.3302662102506,
        0.0,
        -8493.041750625707,
        0.0,
        0.0,
        0.0,
        3426.7301998625044,
        4137.904015806271,
        26918.166549876332,
        26894.634502241388,
        -2831.0139168752357
      ],
      [
        0.0,
        0.0,
        0.0,
        0.0,
        0.0,
        0.0,
        0.0,
        0.0,
        0.0,
        0.0,
        0.0,
        0.0,
        0.0,
        0.0,
        0.0,
        0.0
      ],
      [
        -11975.001089012949,
        4088.8573857955635,
        0.0,
        2868.3302662102506,
        0.0,
        -228352.12272184435,
        0.0,
        -6205.773061083164,
        0.0,
        0.0,
        0.0,
        0.0,
        0.0,
        67316.71921443194,
        17104.0695568081,
        -2068.5910112661077
      ],
      [
        0.0,
        0.0,
        0.0,
        0.0,
        0.0,
        0.0,
        0.0,
        0.0,
        0.0,
        0.0,
        0.0,
        0.0,
        0.0,
        0.0,
        0.0,
        0.0
      ],
      [
        18471.969124220777,
        -5547.162654693238,
        0.0,
        -8493.041750625707,
        0.0,
        -6205.773061083164,
        0.0,
        9572.68650381593,
        0.0,
        0.0,
        0.0,
        0.0,
        0.0,
        0.0,
        0.0,
        3190.895504303626
      ],
      [
        43735.82647531293,
        0.0,
        0.0,
        0.0,
        0.0,
        0.0,
        0.0,
        0.0,
        -5430.832752608694,
        -6227.29805400013,
        -7854.22426815785,
        -9851.433424046263,
        -15369.940210803179,
        -69635.58480492793,
        -69108.75585163012,
        7555.03920117917
      ],
      [
        -5075.2199695125455,
        1573.5529723315267,
        0.0,
        0.0,
        0.0,
        0.0,
        0.0,
        0.0,
        -6227.29805400013,
        719.5026046247222,
        883.2584990159376,
        1038.19664218463,
        1725.77376361005,
        10672.16187948361,
        7809.578819433227,
        -849.5905785821378
      ],
      [
        -6401.157534128288,
        1919.3241496395785,
        0.0,
        0.0,
        0.0,
        0.0,
        0.0,
        0.0,
        -7854.22426815785,
        883.2584990159376,
        1149.6850584080676,
        1441.7764214158524,
        2235.1623192662373,
        10192.325426032767,
        14736.635348526761,
        -1105.7670599257108
      ],
      [
        -8028.874035517219,
        2231.921680504456,
        0.0,
        3426.7301998625044,
        0.0,
        0.0,
        0.0,
        0.0,
        -9851.433424046263,
        1038.19664218463,
        1441.7764214158524,
        2062.738494714722,
        2832.1004174358677,
        11998.616391792893,
        12547.29213542305,
        -1386.9281883671647
      ],
      [
        -12526.432292361278,
        4092.049603059422,
        0.0,
        4137.904015806271,
        0.0,
        0.0,
        0.0,
        0.0,
        -15369.940210803179,
        1725.77376361005,
        2235.1623192662373,
        2832.1004174358677,
        6013.086276652757,
        19904.855580534786,
        18934.696854557842,
        -2163.8495127263013
      ],
      [
        -56752.68912455067,
        20220.964070176706,
        0.0,
        26918.166549876332,
        0.0,
        67316.71921443194,
        0.0,
        0.0,
        -69635.58480492793,
        10672.16187948361,
        10192.325426032767,
        11998.616391792893,
        19904.855580534786,
        98218.61662203446,
        95986.28515959717,
        -9803.608363654348
      ],
      [
        -56323.325843550265,
        21447.442995849997,
        0.0,
        26894.634502241388,
        0.0,
        17104.0695568081,
        0.0,
        0.0,
        -69108.75585163012,
        7809.578819433227,
        14736.635348526761,
        12547.29213542305,
        18934.696854557842,
        95986.28515959717,
        95142.40940916352,
        -9729.430630613933
      ],
      [
        6157.323041406926,
        -1849.0542151994305,
        0.0,
        -2831.0139168752357,
        0.0,
        -2068.5910112661077,
        0.0,
        3190.895504303626,
        7555.03920117917,
        -849.5905785821378,
        -1105.7670599257108,
        -1386.9281883671647,
        -2163.8495127263013,
        -9803.608363654348,
        -9729.430630613933,
        1063.6315346346237
      ]
    ]
  },
  {
    "index": 4,
    "name": "C1H4-0",
    "time": 3547,
    "datum": [
      170.9,
      0.0,
      0.0
    ],
    "hf": 22.11668749416908,
    "dipole": 5.534981248056446E-10,
    "ie": 13.33958878635239,
    "geomGradient": 451.7959606311632,
    "totalError": 22146.475940119835,
    "gradient": {
      "hf": [
        [
          -184.15725678687625,
          52.052996947233744,
          0.0,
          94.11454989505688,
          0.0,
          31.963006237866903,
          0.0,
          -92.2445402762724
        ],
        [
          -213.9091581182792,
          22.4962750306998,
          33.58506892475402,
          26.700070583004724,
          63.67446007448319,
          255.52241582290793,
          303.4067712073778,
          -23.0611350690681
        ]
      ],
      "geom": [
        [
          -3547.3401936769733,
          387.83531351782585,
          0.0,
          3.976738867095264,
          0.0,
          -4610.125774888729,
          0.0,
          0.0
        ],
        [
          -3328.1220640901665,
          199.02141502825543,
          157.98277217982104,
          -87.37039763673238,
          83.39368264387303,
          -126.35011785278039,
          -1344.6809720107922,
          0.0
        ]
      ],
      "total": [
        [
          54641.991324368915,
          -15472.062825383011,
          0.0,
          -28005.17290265718,
          0.0,
          -9715.241839332191,
          0.0,
          27448.89652576269
        ],
        [
          63504.87029404803,
          -6685.3287632233505,
          -9986.800764847721,
          -7948.918303045511,
          -18943.70184476563,
          -76040.53716959056,
          -90343.2660141511,
          6862.224131440673
        ]
      ]
    },
    "hessian": [
      [
        2737.38827672787,
        -19171.872663719114,
        0.0,
        -34663.75179414172,
        0.0,
        -11772.438119805884,
        0.0,
        33975.00015125843,
        78785.84096033592,
        -8285.703906949493,
        -12369.867308734683,
        -9834.022694121813,
        -23452.225868823007,
        -94112.60645720176,
        -111749.10818226635,
        8493.750037814607
      ],
      [
        -19171.872663719114,
        5788.973085145699,
        0.0,
        9325.168393843342,
        0.0,
        4706.139188783709,
        0.0,
        -9603.224862075876,
        0.0,
        2373.5809099889593,
        3522.58539351169,
        2579.5915826165583,
        7301.689911400899,
        29822.999786119908,
        37451.95645024069,
        -2400.806215518969
      ],
      [
        0.0,
        0.0,
        0.0,
        0.0,
        0.0,
        0.0,
        0.0,
        0.0,
        0.0,
        0.0,
        0.0,
        0.0,
        0.0,
        0.0,
        0.0,
        0.0
      ],
      [
        -34663.75179414172,
        9325.168393843342,
        0.0,
        20313.207096478436,
        0.0,
        1407.9375978326425,
        0.0,
        -17363.118677167222,
        0.0,
        0.0,
        0.0,
        4800.296610483201,
        9612.733774702065,
        48460.12991038151,
        58036.48862638511,
        -4340.7796692918055
      ],
      [
        0.0,
        0.0,
        0.0,
        0.0,
        0.0,
        0.0,
        0.0,
        0.0,
        0.0,
        0.0,
        0.0,
        0.0,
        0.0,
        0.0,
        0.0,
        0.0
      ],
      [
        -11772.438119805884,
        4706.139188783709,
        0.0,
        1407.9375978326425,
        0.0,
        -262523.2920945564,
        0.0,
        -5896.833390579559,
        0.0,
        0.0,
        0.0,
        0.0,
        0.0,
        65415.58774188161,
        19924.550433643162,
        -1474.2083476448897
      ],
      [
        0.0,
        0.0,
        0.0,
        0.0,
        0.0,
        0.0,
        0.0,
        0.0,
        0.0,
        0.0,
        0.0,
        0.0,
        0.0,
        0.0,
        0.0,
        0.0
      ],
      [
        33975.00015125843,
        -9603.224862075876,
        0.0,
        -17363.118677167222,
        0.0,
        -5896.833390579559,
        0.0,
        17018.109356286004,
        0.0,
        0.0,
        0.0,
        0.0,
        0.0,
        0.0,
        0.0,
        4254.527339071501
      ],
      [
        78785.84096033592,
        0.0,
        0.0,
        0.0,
        0.0,
        0.0,
        0.0,
        0.0,
        20964.15642881766,
        -9624.3179996236,
        -14368.306892720284,
        -11422.778643463971,
        -27241.09886912629,
        -109317.16387858614,
        -129802.96727619134,
        9865.975462162169
      ],
      [
        -8285.703906949493,
        2373.5809099889593,
        0.0,
        0.0,
        0.0,
        0.0,
        0.0,
        0.0,
        -9624.3179996236,
        1017.7546846534824,
        1511.073005531216,
        1165.9061692625983,
        2864.6931241382845,
        14411.344600375742,
        13678.532559424639,
        -1037.5809415563708
      ],
      [
        -12369.867308734683,
        3522.58539351169,
        0.0,
        0.0,
        0.0,
        0.0,
        0.0,
        0.0,
        -14368.306892720284,
        1511.073005531216,
        2259.51427637483,
        1793.5029336513253,
        4369.299567770213,
        17165.071330964565,
        26274.486881447956,
        -1549.027583678253
      ],
      [
        -9834.022694121813,
        2579.5915826165583,
        0.0,
        4800.296610483201,
        0.0,
        0.0,
        0.0,
        0.0,
        -11422.778643463971,
        1165.9061692625983,
        1793.5029336513253,
        1650.0411493325373,
        3401.425674383063,
        13242.91355558671,
        16028.032696340233,
        -1231.4722425799118
      ],
      [
        -23452.225868823007,
        7301.689911400899,
        0.0,
        9612.733774702065,
        0.0,
        0.0,
        0.0,
        0.0,
        -27241.09886912629,
        2864.6931241382845,
        4369.299567770213,
        3401.425674383063,
        10480.342498340178,
        32579.21722251922,
        37886.03353314102,
        -2936.809478342184
      ],
      [
        -94112.60645720176,
        29822.999786119908,
        0.0,
        48460.12991038151,
        0.0,
        65415.58774188161,
        0.0,
        0.0,
        -109317.16387858614,
        14411.344600375742,
        17165.071330964565,
        13242.91355558671,
        32579.21722251922,
        137948.8421662245,
        162130.94582781196,
        -11785.276583395898
      ],
      [
        -111749.10818226635,
        37451.95645024069,
        0.0,
        58036.48862638511,
        0.0,
        19924.550433643162,
        0.0,
        0.0,
        -129802.96727619134,
        13678.532559424639,
        26274.486881447956,
        16028.032696340233,
        37886.03353314102,
        162130.94582781196,
        200620.25112565607,
        -13993.81122610066
      ],
      [
        8493.750037814607,
        -2400.806215518969,
        0.0,
        -4340.7796692918055,
        0.0,
        -1474.2083476448897,
        0.0,
        4254.527339071501,
        9865.975462162169,
        -1037.5809415563708,
        -1549.027583678253,
        -1231.4722425799118,
        -2936.809478342184,
        -11785.276583395898,
        -13993.81122610066,
        1063.6315255396767
      ]
    ]
  },
  {
    "index": 5,
    "name": "C2H2-0",
    "time": 1291,
    "datum": [
      142.4,
      0.0,
      0.0
    ],
    "hf": 64.53184272629264,
    "dipole": 1.2444426541403997E-9,
    "ie": 10.988579960431586,
    "geomGradient": 1173.6971941573643,
    "totalError": 6130.950607277896,
    "gradient": {
      "hf": [
        [
          -96.40479013300472,
          29.444969152992254,
          0.0,
          38.71040574600365,
          0.0,
          65.06915049070483,
          0.0,
          -46.1222701381362
        ],
        [
          -493.38284553225503,
          35.2506158880932,
          57.08517089967952,
          57.229032214022226,
          134.67191273065518,
          295.7965286340613,
          517.6062642049638,
          -46.1222701381362
        ]
      ],
      "geom": [
        [
          -1769.6684039947286,
          233.2434269192163,
          0.0,
          -90.0968143469072,
          0.0,
          -2284.1944701212924,
          0.0,
          0.0
        ],
        [
          13224.011759120913,
          -322.4120837330702,
          -985.6027054411243,
          224.7437737423752,
          -134.8783916910179,
          4068.8735634830664,
          1045.8587394168717,
          0.0
        ]
      ],
      "total": [
        [
          14810.175345676089,
          -4558.822776587714,
          0.0,
          -6038.97907058142,
          0.0,
          -10396.363046921604,
          0.0,
          7182.912369873613
        ],
        [
          78358.68260283385,
          -5526.885591426091,
          -9003.600445958571,
          -8886.788010735812,
          -20988.821387931563,
          -45598.24992787311,
          -80489.79487007853,
          7182.912369873613
        ]
      ]
    },
    "hessian": [
      [
        1880.2513295668177,
        -5677.272101820563,
        0.0,
        -7463.73702895653,
        0.0,
        -12545.955505629536,
        0.0,
        8892.81547642895,
        95128.93855571747,
        -6796.656398364576,
        -11006.567747244844,
        -11034.305589419091,
        -25966.034772864077,
        -57032.40407456178,
        -99799.44574297406,
        8892.81547642895
      ],
      [
        -5677.272101820563,
        1745.928057061974,
        0.0,
        2311.937732883962,
        0.0,
        4095.5702752398793,
        0.0,
        -2714.1577174916165,
        0.0,
        2089.550016535213,
        3366.0429835435934,
        3314.216919534374,
        7944.633980514482,
        18604.163560667075,
        31645.204726373777,
        -2714.1577174916165
      ],
      [
        0.0,
        0.0,
        0.0,
        0.0,
        0.0,
        0.0,
        0.0,
        0.0,
        0.0,
        0.0,
        0.0,
        0.0,
        0.0,
        0.0,
        0.0,
        0.0
      ],
      [
        -7463.73702895653,
        2311.937732883962,
        0.0,
