[{"index":0,"name":"C1H4-0","time":3640,"datum":[365.7,0.0,0.0],"hf":-11.217604917190984,"dipole":7.380285073085697E-10,"ie":13.518447002376856,"geomGradient":34.51176880640818,"totalError":142066.93925855882,"gradient":{"hf":[[-168.08246559899257,53.28180255312871,0.0,94.87829774487851,0.0,45.320177563976706,0.0,-92.2445402762724],[-223.70828382908635,23.13021470770977,34.19805239602041,26.571365873794687,63.0394169338716,252.12782779105564,303.4916623396856,-23.0611350690681]],"geom":[[-3239.7750614876486,387.02508852850315,0.0,6.831918781813329,0.0,-4453.6027704822345,0.0,0.0],[-3352.1882521370117,199.89307837420256,163.32675500052574,-87.2503022719684,80.41830966476482,-276.8338494973932,-1363.5606624973207,0.0]],"total":[[126695.52330824199,-40164.38982979489,0.0,-71522.57838264252,0.0,-34179.00833117054,0.0,69537.1823752399],[168627.84346728536,-17435.69418865743,-25779.143607750804,-20030.726262959666,-47521.06010512732,-190063.77026248688,-228787.31273407539,17384.295593809977]]},"hessian":[[-91527.4403814692,-17911.47093172185,0.0,-31894.752028165385,0.0,-15235.052196658216,0.0,31009.375234134495,75202.86948420107,-7775.565936753992,-11496.18430645205,-8932.360105973203,-21191.63822499104,-84756.52197375894,-102023.23959674686,7752.343808533624],[-17911.47093172185,6595.547529286705,0.0,8909.191674320027,0.0,8495.657530147582,0.0,-9829.900809563696,0.0,2541.2934701307677,3719.067099154927,2342.342741030734,8408.267458435148,34881.14307401702,47133.04777396843,-2457.475202390924],[0.0,0.0,0.0,0.0,0.0,0.0,0.0,0.0,0.0,0.0,0.0,0.0,0.0,0.0,0.0,0.0],[-31894.752028165385,8909.191674320027,0.0,24514.310935046524,0.0,-2580.045911599882,0.0,-17503.99882439524,0.0,0.0,0.0,4472.921900742222,6020.764703862369,48702.4788162671,59775.77937301248,-4375.99970609881],[0.0,0.0,0.0,0.0,0.0,0.0,0.0,0.0,0.0,0.0,0.0,0.0,0.0,0.0,0.0,0.0],[-15235.052196658216,8495.657530147582,0.0,-2580.045911599882,0.0,-674189.386118087,0.0,-8361.064392374828,0.0,0.0,0.0,0.0,0.0,136571.7756561935,36526.54559118673,-2090.266098093707],[0.0,0.0,0.0,0.0,0.0,0.0,0.0,0.0,0.0,0.0,0.0,0.0,0.0,0.0,0.0,0.0],[31009.375234134495,-9829.900809563696,0.0,-17503.99882439524,0.0,-8361.064392374828,0.0,17018.110665958375,0.0,0.0,0.0,0.0,0.0,0.0,0.0,4254.527666489594],[75202.86948420107,0.0,0.0,0.0,0.0,0.0,0.0,0.0,-84254.98090218753,-10348.840587539598,-15300.774211937096,-11888.46850709524,-28204.877671669237,-112806.15988653153,-135787.18906501308,10317.933229089249],[-7775.565936753992,2541.2934701307677,0.0,0.0,0.0,0.0,0.0,0.0,-10348.840587539598,1083.618335542269,1581.9275722606108,1142.1272211009637,2914.335345849395,18960.596062242985,14109.84230460599,-1066.8141840142198],[-11496.18430645205,3719.067099154927,0.0,0.0,0.0,0.0,0.0,0.0,-15300.774211937096,1581.9275722606108,2350.6220168201253,1817.9112157667987,4574.005433823913,17248.511139769107,35573.63845175132,-1577.2916594869457],[-8932.360105973203,2342.342741030734,0.0,4472.921900742222,0.0,0.0,0.0,0.0,-11888.46850709524,1142.1272211009637,1817.9112157667987,1969.1823399625719,3362.139468663372,12449.858768377453,15678.952040616423,-1225.5301771801896],[-21191.63822499104,8408.267458435148,0.0,6020.764703862369,0.0,0.0,0.0,0.0,-28204.877671669237,2914.335345849395,4574.005433823913,3362.139468663372,13877.241799491458,31877.23777955398,36526.96235803887,-2907.5175916659646],[-84756.52197375894,34881.14307401702,0.0,48702.4788162671,0.0,136571.7756561935,0.0,0.0,-112806.15988653153,18960.596062242985,17248.511139769107,12449.858768377453,31877.23777955398,108704.83325561509,171227.92487498373,-11628.771644609515],[-102023.23959674686,47133.04777396843,0.0,59775.77937301248,0.0,36526.54559118673,0.0,0.0,-135787.18906501308,14109.84230460599,35573.63845175132,15678.952040616423,36526.96235803887,171227.92487498373,209155.88916977867,-13997.723035572562],[7752.343808533624,-2457.475202390924,0.0,-4375.99970609881,0.0,-2090.266098093707,0.0,4254.527666489594,10317.933229089249,-1066.8141840142198,-1577.2916594869457,-1225.5301771801896,-2907.5175916659646,-11628.771644609515,-13997.723035572562,1063.6318256729282]]},{"index":1,"name":"C2H4-0","time":864,"datum":[52.1,0.0,0.0],"hf":13.249525844034242,"dipole":1.8693726100911674E-10,"ie":10.177376523722398,"geomGradient":281.71542240069857,"totalError":1513.248157525065,"gradient":{"hf":[[-170.97105956334056,55.471588179928865,0.0,89.50475244861137,0.0,77.2981346955756,0.0,-92.2445402762724],[-523.0089728118791,39.75684137085538,61.67465703928158,55.70348314457982,131.525385235626,387.9243192605246,590.3205638799707,-46.1222701381362]],"geom":[[487.85953140395577,14.28711300377472,0.0,-69.37594832834293,0.0,732.2783250174325,0.0,0.0],[10112.035980682776,-311.17199739583157,-575.4871313001786,200.48407805006718,-131.07950735502527,2073.948058409769,509.67324398243363,0.0]],"total":[[13298.082342255533,-4309.800565742079,0.0,-6956.519482591379,0.0,-5985.921547020218,0.0,7167.4882560645265],[40917.46737891986,-3097.735147569687,-4808.067451592799,-4322.67847785176,-10223.266017540951,-30084.829690778664,-45854.39650581281,3583.7441280322632]]},"hessian":[[42889.40079277381,-18968.06856166222,0.0,-30605.438505517668,0.0,-26431.482610860257,0.0,31542.287179036066,178838.76018458977,-13594.53582608694,-21089.158644826966,-19047.36320284428,-44974.0598196513,-132647.63685583603,-201855.4235837655,15771.143589518033],[-18968.06856166222,6203.155699040508,0.0,9890.154224194703,0.0,8790.306410446647,0.0,-10233.63166495983,0.0,4421.543476382794,6843.017181381583,6132.964863354573,14677.775852760533,43943.510754616,66874.76437946316,-5116.815832479915],[0.0,0.0,0.0,0.0,0.0,0.0,0.0,0.0,0.0,0.0,0.0,0.0,0.0,0.0,0.0,0.0],[-30605.438505517668,9890.154224194703,0.0,16568.996525165858,0.0,13209.137059675413,0.0,-16512.359952685074,0.0,0.0,0.0,9885.046210911241,23083.037121978123,69571.14946999354,106106.03225359228,-8256.179976342537],[0.0,0.0,0.0,0.0,0.0,0.0,0.0,0.0,0.0,0.0,0.0,0.0,0.0,0.0,0.0,0.0],[-26431.482610860257,8790.306410446647,0.0,13209.137059675413,0.0,-64855.866476136725,0.0,-14260.768384701805,0.0,0.0,0.0,0.0,0.0,72058.92983620288,92416.04748240206,-7130.384192350903],[0.0,0.0,0.0,0.0,0.0,0.0,0.0,0.0,0.0,0.0,0.0,0.0,0.0,0.0,0.0,0.0],[31542.287179036066,-10233.63166495983,0.0,-16512.359952685074,0.0,-14260.768384701805,0.0,17018.10458143882,0.0,0.0,0.0,0.0,0.0,0.0,0.0,8509.05229071941],[178838.76018458977,0.0,0.0,0.0,0.0,0.0,0.0,0.0,496429.601116688,-41586.36580541497,-64512.792268942576,-58266.83777740982,-137577.90093222866,-405775.76310170116,-617485.8481244883,48244.717931993364],[-13594.53582608694,4421.543476382794,0.0,0.0,0.0,0.0,0.0,0.0,-41586.36580541497,3171.6195871922537,4909.36276037246,4395.7024536211975,10480.946821189718,32269.670518871862,47491.91313749179,-3667.421083264344],[-21089.158644826966,6843.017181381583,0.0,0.0,0.0,0.0,0.0,0.0,-64512.792268942576,4909.36276037246,7618.794925292605,6855.419323983369,16252.542445727158,47955.469563021325,76116.02246470284,-5689.095978596015],[-19047.36320284428,6132.964863354573,0.0,9885.046210911241,0.0,0.0,0.0,0.0,-58266.83777740982,4395.7024536211975,6855.419323983369,6329.520128929289,14615.764121117536,42658.891252358444,65394.227640354075,-5138.4534299359075],[-44974.0598196513,14677.775852760533,0.0,23083.037121978123,0.0,0.0,0.0,0.0,-137577.90093222866,10480.946821189718,16252.542445727158,14615.764121117536,35096.78070258815,102475.10181216057,155225.46927968506,-12132.738679611066],[-132647.63685583603,43943.510754616,0.0,69571.14946999354,0.0,72058.92983620288,0.0,0.0,-405775.76310170116,32269.670518871862,47955.469563021325,42658.891252358444,102475.10181216057,296504.529142112,461312.2605951503,-35783.615990112594],[-201855.4235837655,66874.76437946316,0.0,106106.03225359228,0.0,92416.04748240206,0.0,0.0,-617485.8481244883,47491.91313749179,76116.02246470284,65394.227640354075,155225.46927968506,461312.2605951503,705006.9682736648,-54453.77640626248],[15771.143589518033,-5116.815832479915,0.0,-8256.179976342537,0.0,-7130.384192350903,0.0,8509.05229071941,48244.717931993364,-3667.421083264344,-5689.095978596015,-5138.4534299359075,-12132.738679611066,-35783.615990112594,-54453.77640626248,4254.527357261395]]}]