[
  {
    "index": 0,
    "name": "C1H4",
    "time": 3790,
    "datum": [
      365.7,
      0.0,
      0.0
    ],
    "hf": -11.25123669642667,
    "dipole": 1.3438696841309408E-5,
    "ie": 13.527761399494056,
    "geomGradient": 41827.640185295815,
    "total": 227820.25753702357,
    "gradient": {
      "hf": [
        [
          -167.99688274786146,
          53.3469514815892,
          0.0,
          94.88971854049183,
          0.0,
          45.52137825791701,
          0.0,
          -92.2445402762724
        ],
        [
          -223.61984688516378,
          23.127742823574476,
          34.266761102778574,
          26.57146488114746,
          63.02789713090556,
          252.21157356467324,
          303.6581984724978,
          -23.0611350690681
        ]
      ],
      "geom": [
        [
          -9297.496289946139,
          160.5701254447922,
          0.0,
          63.88290785253048,
          0.0,
          -2950.4348640330136,
          0.0,
          0.0
        ],
        [
          -4610.515461536124,
          166.93724319338799,
          -162.48661268036813,
          -72.0249954611063,
          8.142305887304246,
          -2398.136057308875,
          -3112.189588136971,
          0.0
        ]
      ],
      "total": [
        [
          88541.8171407829,
          -39560.204265640605,
          0.0,
          -71275.73052143116,
          0.0,
          -46412.832993421944,
          0.0,
          69543.38707126844
        ],
        [
          149688.55145065626,
          -16751.76860638842,
          -26499.846244418735,
          -20327.53138382889,
          -47483.5113425286,
          -199973.14959651968,
          -241685.87042997373,
          17385.84676781711
        ]
      ]
    },
    "hessian": [
      [
        -91543.10813755728,
        -17924.24234736245,
        0.0,
        -31882.352486718446,
        0.0,
        -15294.898621505126,
        0.0,
        30993.58902545646,
        75134.87100368366,
        -7770.777083351277,
        -11513.417593960185,
        -8927.84617462894,
        -21176.97957146447,
        -84741.51254631579,
        -102027.25708950311,
        7748.397256364115
      ],
      [
        -17924.24234736245,
        6608.350086025894,
        0.0,
        8926.301379688084,
        0.0,
        8515.977751812898,
        0.0,
        -9841.937280725688,
        0.0,
        2544.036178733222,
        3730.995740625076,
        2345.857719774358,
        8411.715680267662,
        34924.17396046221,
        47202.81751360744,
        -2460.484320181422
      ],
      [
        0.0,
        0.0,
        0.0,
        0.0,
        0.0,
        0.0,
        0.0,
        0.0,
        0.0,
        0.0,
        0.0,
        0.0,
        0.0,
        0.0,
        0.0,
        0.0
      ],
      [
        -31882.352486718446,
        8926.301379688084,
        0.0,
        24503.30153806135,
        0.0,
        -2494.68648689799,
        0.0,
        -17506.1245681718,
        0.0,
        0.0,
        0.0,
        4473.820226849057,
        6035.127589711919,
        48723.51739322767,
        59827.43750791997,
        -4376.53114204295
      ],
      [
        0.0,
        0.0,
        0.0,
        0.0,
        0.0,
        0.0,
        0.0,
        0.0,
        0.0,
        0.0,
        0.0,
        0.0,
        0.0,
        0.0,
        0.0,
        0.0
      ],
      [
        -15294.898621505126,
        8515.977751812898,
        0.0,
        -2494.68648689799,
        0.0,
        -702421.1749376263,
        0.0,
        -8398.206409765407,
        0.0,
        0.0,
        0.0,
        0.0,
        0.0,
        153439.15001722053,
        40348.89308968559,
        -2099.551602441352
      ],
      [
        0.0,
        0.0,
        0.0,
        0.0,
        0.0,
        0.0,
        0.0,
        0.0,
        0.0,
        0.0,
        0.0,
        0.0,
        0.0,
        0.0,
        0.0,
        0.0
      ],
      [
        30993.58902545646,
        -9841.937280725688,
        0.0,
        -17506.1245681718,
        0.0,
        -8398.206409765407,
        0.0,
        17018.109356286004,
        0.0,
        0.0,
        0.0,
        0.0,
        0.0,
        0.0,
        0.0,
        4254.527339071501
      ],
      [
        75134.87100368366,
        0.0,
        0.0,
        0.0,
        0.0,
        0.0,
        0.0,
        0.0,
        -84307.07646766677,
        -10343.643298256211,
        -15325.453787227161,
        -11883.81233077962,
        -28188.573851366527,
        -112799.01256784797,
        -135807.9822966829,
        10313.853672414552
      ],
      [
        -7770.777083351277,
        2544.036178733222,
        0.0,
        0.0,
        0.0,
        0.0,
        0.0,
        0.0,
        -10343.643298256211,
        1083.3959095180035,
        1584.9490955588408,
        1142.0053851907142,
        2913.5606746422127,
        18964.14323709905,
        14116.434613242745,
        -1066.7071546777152
      ],
      [
        -11513.417593960185,
        3730.995740625076,
        0.0,
        0.0,
        0.0,
        0.0,
        0.0,
        0.0,
        -15325.453787227161,
        1584.9490955588408,
        2360.09629588807,
        1821.5601812698878,
        4582.258479786105,
        17288.991948589683,
        35640.15467418358,
        -1580.4633949301206
      ],
      [
        -8927.84617462894,
        2345.857719774358,
        0.0,
        4473.820226849057,
        0.0,
        0.0,
        0.0,
        0.0,
        -11883.81233077962,
        1142.0053851907142,
        1821.5601812698878,
        1969.2582282004878,
        3361.2208062550053,
        12453.942617867142,
        15685.979451518506,
        -1225.538035214413
      ],
      [
        -21176.97957146447,
        8411.715680267662,
        0.0,
        6035.127589711919,
        0.0,
        0.0,
        0.0,
        0.0,
        -28188.573851366527,
        2913.5606746422127,
        4582.258479786105,
        3361.2208062550053,
        13859.582322766073,
        31883.15953593701,
        36529.89456895739,
        -2906.99095785385
      ],
      [
        -84741.51254631579,
        34924.17396046221,
        0.0,
        48723.51739322767,
        0.0,
        153439.15001722053,
        0.0,
        0.0,
        -112799.01256784797,
        18964.14323709905,
        17288.991948589683,
        12453.942617867142,
        31883.15953593701,
        139912.80138725415,
        171404.86364951357,
        -11632.573368842714
      ],
      [
        -102027.25708950311,
        47202.81751360744,
        0.0,
        59827.43750791997,
        0.0,
        40348.89308968559,
        0.0,
        0.0,
        -135807.9822966829,
        14116.434613242745,
        35640.15467418358,
        15685.979451518506,
        36529.89456895739,
        171404.86364951357,
        210426.48615548387,
        -14005.405719217379
      ],
      [
        7748.397256364115,
        -2460.484320181422,
        0.0,
        -4376.53114204295,
        0.0,
        -2099.551602441352,
        0.0,
        4254.527339071501,
        10313.853672414552,
        -1066.7071546777152,
        -1580.4633949301206,
        -1225.538035214413,
        -2906.99095785385,
        -11632.573368842714,
        -14005.405719217379,
        1063.6315346346237
      ]
    ]
  }
]