[
  {
    "index": 100,
    "name": "C7H7",
    "time": 23021,
    "datum": [
      212.0,
      0.0,
      0.0
    ],
    "hf": 219.64342360471466,
    "dipole": 2.2723272180149197,
    "ie": 14.651726209777259,
    "geomGradient": 1102.0511313711331,
    "total": 117.93324251277252,
    "gradient": {
      "hf": [
        [
          -302.89432799012343,
          98.77047021181366,
          0.0,
          145.43516645029246,
          0.0,
          174.90245838994772,
          0.0,
          -161.4279454834767
        ],
        [
          -2210.8021645226154,
          127.99234409861941,
          217.9659432636702,
          198.5223488367567,
          440.12107706126596,
          1295.3676022271554,
          2332.899717957976,
          -161.4279454834767
        ]
      ],
      "geom": [
        [
          743.4719464072259,
          -91.02301874008845,
          0.0,
          15.66798118801671,
          0.0,
          904.1866064762871,
          0.0,
          0.0
        ],
        [
          -2244.9336825047794,
          1.7256638784601819,
          -7.863377504691016,
          -5.468345989356749,
          -10.222097444056999,
          53.43084012565669,
          244.16415953965043,
          0.0
        ]
      ],
      "total": [
        [
          -4550.003590819068,
          1500.0585088947182,
          0.0,
          2224.9373262102067,
          0.0,
          2771.360225479205,
          0.0,
          -2467.7243379379925
        ],
        [
          -34038.65000638927,
          1956.7857816555995,
          3331.162818811471,
          3034.1902274298645,
          6726.959661827822,
          19807.857200036768,
          35689.051519393885,
          -2467.7243379379925
        ]
      ]
    },
    "hessian": [
      [
        189087.0002171141,
        -59834.00783179604,
        0.0,
        -88102.9407855749,
        0.0,
        -105953.88523142901,
        0.0,
        97791.18124697561,
        1339278.3667950425,
        -77536.28086220488,
        -132041.24601998046,
        -120262.54152260663,
        -266620.2551790775,
        -784718.7027800828,
        -1413243.6516229063,
        97791.18124697561
      ],
      [
        -59834.00783179604,
        19501.22659536646,
        0.0,
        28736.108929479087,
        0.0,
        34416.21917318116,
        0.0,
        -31891.400494714617,
        0.0,
        25282.061626512586,
        43060.402335868275,
        39234.530981957505,
        86930.44825122342,
        255599.92922353558,
        460426.75377975684,
        -31891.400494714617
      ],
      [
        0.0,
        0.0,
        0.0,
        0.0,
        0.0,
        0.0,
        0.0,
        0.0,
        0.0,
        0.0,
        0.0,
        0.0,
        0.0,
        0.0,
        0.0,
        0.0
      ],
      [
        -88102.9407855749,
        28736.108929479087,
        0.0,
        42118.29324049177,
        0.0,
        51131.31657253689,
        0.0,
        -46956.9316101115,
        0.0,
        0.0,
        0.0,
        57783.232932706596,
        128174.99882658012,
        376680.920853687,
        678422.7627213113,
        -46956.9316101115
      ],
      [
        0.0,
        0.0,
        0.0,
        0.0,
        0.0,
        0.0,
        0.0,
        0.0,
        0.0,
        0.0,
        0.0,
        0.0,
        0.0,
        0.0,
        0.0,
        0.0
      ],
      [
        -105953.88523142901,
        34416.21917318116,
        0.0,
        51131.31657253689,
        0.0,
        84048.07945680659,
        0.0,
        -56470.85637519922,
        0.0,
        0.0,
        0.0,
        0.0,
        0.0,
        449198.80780071253,
        816175.5802575499,
        -56470.85637519922
      ],
      [
        0.0,
        0.0,
        0.0,
        0.0,
        0.0,
        0.0,
        0.0,
        0.0,
        0.0,
        0.0,
        0.0,
        0.0,
        0.0,
        0.0,
        0.0,
        0.0
      ],
      [
        97791.18124697561,
        -31891.400494714617,
        0.0,
        -46956.9316101115,
        0.0,
        -56470.85637519922,
        0.0,
        52117.94527440361,
        0.0,
        0.0,
        0.0,
        0.0,
        0.0,
        0.0,
        0.0,
        52117.94527440361
      ],
      [
        1339278.3667950425,
        0.0,
        0.0,
        0.0,
        0.0,
        0.0,
        0.0,
        0.0,
        9824452.013272094,
        -565931.4254035053,
        -963759.0265992912,
        -877787.1570555363,
        -1946040.9936618817,
        -5727602.214901708,
        -1.0315158082303243E7,
        713770.4050228422
      ],
      [
        -77536.28086220488,
        25282.061626512586,
        0.0,
        0.0,
        0.0,
        0.0,
        0.0,
        0.0,
        -565931.4254035053,
        32753.819632489467,
        55791.56042131217,
        50848.309688262816,
        112643.68818046933,
        330519.51228117105,
        596497.812657617,
        -41323.52458782407
      ],
      [
        -132041.24601998046,
        43060.402335868275,
        0.0,
        0.0,
        0.0,
        0.0,
        0.0,
        0.0,
        -963759.0265992912,
        55791.56042131217,
        95007.80501184636,
        86560.8432877707,
        191846.71388757124,
        564526.5640487196,
        1014468.7032880029,
        -70372.28637727821
      ],
      [
        -120262.54152260663,
        39234.530981957505,
        0.0,
        57783.232932706596,
        0.0,
        0.0,
        0.0,
        0.0,
        -877787.1570555363,
        50848.309688262816,
        86560.8432877707,
        78737.77865825105,
        174804.3278894329,
        514908.63337676274,
        926706.5527819796,
        -64096.18930774741
      ],
      [
        -266620.2551790775,
        86930.44825122342,
        0.0,
        128174.99882658012,
        0.0,
        0.0,
        0.0,
        0.0,
        -1946040.9936618817,
        112643.68818046933,
        191846.71388757124,
        174804.3278894329,
        387218.0576490791,
        1139804.475424171,
        2053321.4055467397,
        -142098.00705884845
      ],
      [
        -784718.7027800828,
        255599.92922353558,
        0.0,
        376680.920853687,
        0.0,
        449198.80780071253,
        0.0,
        0.0,
        -5727602.214901708,
        330519.51228117105,
        564526.5640487196,
        514908.63337676274,
        1139804.475424171,
        3357718.166844279,
        6039929.787366418,
        -418219.46192612813
      ],
      [
        -1413243.6516229063,
        460426.75377975684,
        0.0,
        678422.7627213113,
        0.0,
        816175.5802575499,
        0.0,
        0.0,
        -1.0315158082303243E7,
        596497.812657617,
        1014468.7032880029,
        926706.5527819796,
        2053321.4055467397,
        6039929.787366418,
        1.0879109253437491E7,
        -753193.1998892105
      ],
      [
        97791.18124697561,
        -31891.400494714617,
        0.0,
        -46956.9316101115,
        0.0,
        -56470.85637519922,
        0.0,
        52117.94527440361,
        713770.4050228422,
        -41323.52458782407,
        -70372.28637727821,
        -64096.18930774741,
        -142098.00705884845,
        -418219.46192612813,
        -753193.1998892105,
        52117.97913489136
      ]
    ]
  },
  {
    "index": 101,
    "name": "C7H7",
    "time": 16441,
    "datum": [
      209.0,
      0.0,
      0.0
    ],
    "hf": 208.80956045902863,
    "dipole": 3.341651087057687E-6,
    "ie": 15.391139441919936,
    "geomGradient": 1696.5198365569474,
    "total": 141.06706545449475,
    "gradient": {
      "hf": [
        [
          -305.25874330029256,
          98.10600939181776,
          0.0,
          144.33674448728252,
          0.0,
          170.1876518881816,
          0.0,
          -161.4279454834767
        ],
        [
          -2216.4899915204114,
          128.64700979928364,
          221.11116017421776,
          198.04961831543977,
          441.69222954559314,
          1291.0486866559277,
          2363.5213343215587,
          -161.4279454834767
        ]
      ],
      "geom": [
        [
          -1249.35538678983,
          172.52648149224115,
          0.0,
          34.60510242803139,
          0.0,
          -1682.4399858705874,
          0.0,
          0.0
        ],
        [
          1067.6905117179558,
          14.642300811829045,
          -131.71249065635493,
          9.971627150662243,
          -44.58078137759003,
          -875.4781697462022,
          -2674.0294811133936,
          0.0
        ]
      ],
      "total": [
        [
          -91.44983736341685,
          -8.682456168290816,
          0.0,
          -49.22143894482606,
          0.0,
          -344.54161197407285,
          0.0,
          61.484527675648835
        ],
        [
          1021.7277700840084,
          -46.56454151657949,
          -106.1149953002907,
          -73.77508460323708,
          -175.6432845243227,
          -637.2895144986926,
          -1344.79715367667,
          61.484527675648835
        ]
      ]
    },
    "hessian": [
      [
        186222.97683322133,
        -59895.444269670865,
        0.0,
        -88120.12117402902,
        0.0,
        -103902.55482036537,
        0.0,
        98554.5999905213,
        1353206.1245223305,
        -78541.26218838076,
        -134992.25229637092,
        -120912.7753742223,
        -269660.874834301,
        -788207.9307921686,
        -1442971.3453614567,
        98554.5999905213
      ],
      [
        -59895.444269670865,
        19249.821607516536,
        0.0,
        28320.490294149182,
        0.0,
        33396.269931245115,
        0.0,
        -31674.032978799005,
        0.0,
        25242.104627309916,
        43384.54960446825,
        38859.32471547449,
        86665.48802978014,
        253325.61728305338,
        463761.44302485045,
        -31674.032978799005
      ],
      [
        0.0,
        0.0,
        0.0,
        0.0,
        0.0,
        0.0,
        0.0,
        0.0,
        0.0,
        0.0,
        0.0,
        0.0,
        0.0,
        0.0,
        0.0,
        0.0
      ],
      [
        -88120.12117402902,
        28320.490294149182,
        0.0,
        41671.05268216176,
        0.0,
        49122.763221589594,
        0.0,
        -46600.34056961138,
        0.0,
        0.0,
        0.0,
        57171.2322305018,
        127502.22642523568,
        372698.0316480422,
        682296.4874345417,
        -46600.34056961138
      ],
      [
        0.0,
        0.0,
        0.0,
        0.0,
        0.0,
        0.0,
        0.0,
        0.0,
        0.0,
        0.0,
        0.0,
        0.0,
        0.0,
        0.0,
        0.0,
        0.0
      ],
      [
        -103902.55482036537,
        33396.269931245115,
        0.0,
        49122.763221589594,
        0.0,
        57371.977770799276,
        0.0,
        -54947.25236758313,
        0.0,
        0.0,
        0.0,
        0.0,
        0.0,
        439522.14065370755,
        804502.1405678199,
        -54947.25236758313
      ],
      [
        0.0,
        0.0,
        0.0,
        0.0,
        0.0,
        0.0,
        0.0,
        0.0,
        0.0,
        0.0,
        0.0,
        0.0,
        0.0,
        0.0,
        0.0,
        0.0
      ],
      [
        98554.5999905213,
        -31674.032978799005,
        0.0,
        -46600.34056961138,
        0.0,
        -54947.25236758313,
        0.0,
        52117.945186154204,
        0.0,
        0.0,
        0.0,
        0.0,
        0.0,
        0.0,
        0.0,
        52117.945186154204
      ],
      [
        1353206.1245223305,
        0.0,
        0.0,
        0.0,
        0.0,
        0.0,
        0.0,
        0.0,
        9824438.119585466,
        -570289.5555305787,
        -980181.2374445263,
        -877949.8954412191,
        -1958012.5932336047,
        -5723192.344929658,
        -1.047744159262038E7,
        715606.7709900072
      ],
      [
        -78541.26218838076,
        25242.104627309916,
        0.0,
        0.0,
        0.0,
        0.0,
        0.0,
        0.0,
        -570289.5555305787,
        33100.94963083543,
        56891.661005664675,
        50957.060324208214,
        113647.24441932594,
        332212.1084386254,
        608147.6662257046,
        -41535.136197623506
      ],
      [
        -134992.25229637092,
        43384.54960446825,
        0.0,
        0.0,
        0.0,
        0.0,
        0.0,
        0.0,
        -980181.2374445263,
        56891.661005664675,
        97781.54987884591,
        87582.36707691936,
        195328.5153615525,
        570940.6409209805,
        1045276.3078978934,
        -71387.75147097932
      ],
      [
        -120912.7753742223,
        38859.32471547449,
        0.0,
        57171.2322305018,
        0.0,
        0.0,
        0.0,
        0.0,
        -877949.8954412191,
        50957.060324208214,
        87582.36707691936,
        78449.90717416067,
        174953.48374382048,
        511370.64336444385,
        936183.0740363075,
        -63941.79747978513
      ],
      [
        -269660.874834301,
        86665.48802978014,
        0.0,
        127502.22642523568,
        0.0,
        0.0,
        0.0,
        0.0,
        -1958012.5932336047,
        113647.24441932594,
        195328.5153615525,
        174953.48374382048,
        390189.62744222564,
        1140505.8906154863,
        2087906.7513419616,
        -142603.16639308713
      ],
      [
        -788207.9307921686,
        253325.61728305338,
        0.0,
        372698.0316480422,
        0.0,
        439522.14065370755,
        0.0,
        0.0,
        -5723192.344929658,
        332212.1084386254,
        570940.6409209805,
        511370.64336444385,
        1140505.8906154863,
        3333548.4737142455,
        6102957.775560753,
        -416823.4343807598
      ],
      [
        -1442971.3453614567,
        463761.44302485045,
        0.0,
        682296.4874345417,
        0.0,
        804502.1405678199,
        0.0,
        0.0,
        -1.047744159262038E7,
        608147.6662257046,
        1045276.3078978934,
        936183.0740363075,
        2087906.7513419616,
        6102957.775560753,
        1.1172626625295835E7,
        -763077.3941600921
      ],
      [
        98554.5999905213,
        -31674.032978799005,
        0.0,
        -46600.34056961138,
        0.0,
        -54947.25236758313,
        0.0,
        52117.945186154204,
        715606.7709900072,
        -41535.136197623506,
        -71387.75147097932,
        -63941.79747978513,
        -142603.16639308713,
        -416823.4343807598,
        -763077.3941600921,
        52117.97904600246
      ]
    ]
  }
]