[{"index":0,"name":"C1H4 0","time":3596,"datum":[365.7,0.0,0.0],"hf":-11.251235871112348,"dipole":5.628274241210715E-7,"ie":13.527946658226076,"geomGradient":39.33057999302518,"totalError":142092.31002259057,"gradient":{"hf":[[-168.0069576707707,53.3481581080237,0.0,94.8897412029816,0.0,45.50750637964826,0.0,-92.2445402762724],[-223.630284109748,23.128366375920965,34.267271088415164,26.57119232972678,63.02814701983641,252.21072722785726,303.6539257951813,-23.0611350690681]],"geom":[[-3239.6755556618473,386.57434167532756,0.0,7.463958624498446,0.0,-4453.065035008308,0.0,0.0],[-3352.126201008332,199.88967544293246,163.03360595770755,-87.22400046679013,79.80414906683109,-278.10486379564736,-1377.634518036075,0.0]],"total":[[126648.37366266319,-40217.81824961336,0.0,-71537.58166684932,0.0,-34325.38542223809,0.0,69543.38691900695],[168582.5035221208,-17435.762124033336,-25833.551977201558,-20032.42377043077,-47516.768230727066,-190143.3625834936,-228930.75516134928,17385.846729751738]]},"hessian":[[-91542.56651527248,-17925.72256817948,0.0,-31884.271884337068,0.0,-15291.154631995596,0.0,30995.447596069425,75142.883870285,-7771.4525468763895,-11514.279358380008,-8928.289935283829,-21178.333408897743,-84746.30973068997,-102031.93931374699,7748.861899017356],[-17925.72256817948,6608.662370126694,0.0,8926.495647756383,0.0,8514.41167469602,0.0,-9842.174185905606,0.0,2544.1583056817763,3731.1384949134663,2345.894754398614,8411.958260694519,34924.64078590274,47202.859714161605,-2460.5435464764014],[0.0,0.0,0.0,0.0,0.0,0.0,0.0,0.0,0.0,0.0,0.0,0.0,0.0,0.0,0.0,0.0],[-31884.271884337068,8926.495647756383,0.0,24503.378372173756,0.0,-2497.6297572720796,0.0,-17506.151198176667,0.0,0.0,0.0,4473.770241020247,6035.153564880602,48723.36081461981,59827.11503747851,-4376.537799544167],[0.0,0.0,0.0,0.0,0.0,0.0,0.0,0.0,0.0,0.0,0.0,0.0,0.0,0.0,0.0,0.0],[-15291.154631995596,8514.41167469602,0.0,-2497.6297572720796,0.0,-681010.7885394245,0.0,-8395.587210543454,0.0,0.0,0.0,0.0,0.0,139079.04387451708,35942.228278145194,-2098.8968026358634],[0.0,0.0,0.0,0.0,0.0,0.0,0.0,0.0,0.0,0.0,0.0,0.0,0.0,0.0,0.0,0.0],[30995.447596069425,-9842.174185905606,0.0,-17506.151198176667,0.0,-8395.587210543454,0.0,17018.109501805156,0.0,0.0,0.0,0.0,0.0,0.0,0.0,4254.527375451289],[75142.883870285,0.0,0.0,0.0,0.0,0.0,0.0,0.0,-84302.54354607314,-10344.406036892906,-15326.398788602091,-11884.246305271517,-28190.0042318739,-112803.91045147553,-135812.4241232872,10314.336141163949],[-7771.4525468763895,2544.1583056817763,0.0,0.0,0.0,0.0,0.0,0.0,-10344.406036892906,1083.4565546247177,1585.0217823754065,1142.0371811254881,2913.6617376934737,18964.42350698635,14116.670936346054,-1066.740405804012],[-11514.279358380008,3731.1384949134663,0.0,0.0,0.0,0.0,0.0,0.0,-15326.398788602091,1585.0217823754065,2360.1708016940393,1821.5733143733814,4582.344336085953,17289.229144807905,35640.021960716695,-1580.4905706318095],[-8928.289935283829,2345.894754398614,0.0,4473.770241020247,0.0,0.0,0.0,0.0,-11884.246305271517,1142.0371811254881,1821.5733143733814,1969.225522771012,3361.2253901083022,12453.901290427893,15685.623220633715,-1225.5295587237924],[-21178.333408897743,8411.958260694519,0.0,6035.153564880602,0.0,0.0,0.0,0.0,-28190.0042318739,2913.6617376934737,4582.344336085953,3361.2253901083022,13859.683240298182,31883.195624686778,36529.17395811528,-2907.0066739222966],[-84746.30973068997,34924.64078590274,0.0,48723.36081461981,0.0,139079.04387451708,0.0,0.0,-112803.91045147553,18964.42350698635,17289.229144807905,12453.901290427893,31883.195624686778,125559.70781249925,171401.96287073195,-11632.537680270616],[-102031.93931374699,47202.859714161605,0.0,59827.11503747851,0.0,35942.228278145194,0.0,0.0,-135812.4241232872,14116.670936346054,35640.021960716695,15685.623220633715,36529.17395811528,171401.96287073195,197937.11078818887,-14005.21221512463],[7748.861899017356,-2460.5435464764014,0.0,-4376.537799544167,0.0,-2098.8968026358634,0.0,4254.527375451289,10314.336141163949,-1066.740405804012,-1580.4905706318095,-1225.5295587237924,-2907.0066739222966,-11632.537680270616,-14005.21221512463,1063.6315346346237]]},{"index":1,"name":"C2H4 0","time":852,"datum":[52.1,0.0,0.0],"hf":13.269346638235682,"dipole":2.508848623167406E-10,"ie":10.189296504407338,"geomGradient":279.61601487644805,"totalError":1511.6507111744927,"gradient":{"hf":[[-170.87140050579674,55.528322548546264,0.0,89.52617642160989,0.0,77.518263684365,0.0,-92.2445402762724],[-522.8354384566935,39.77950870568797,61.825426066986026,55.68755472582452,131.51988968138284,388.1100625311735,590.8066518248164,-46.1222701381362]],"geom":[[417.6430337565762,24.418674797743734,0.0,-70.58301036977355,0.0,631.3826003179202,0.0,0.0],[10170.436332828103,-310.12210342851176,-580.353215013929,200.92809620564367,-130.3453967693713,2106.249586972808,505.1003358857997,0.0]],"total":[[13281.5406536721,-4311.732959737203,0.0,-6954.653988590986,0.0,-6002.868273383645,0.0,7163.831535966482],[40882.77740585598,-3097.8267073589172,-4817.346430314931,-4319.262362318847,-10217.578265509932,-30083.418379368584,-45868.97565565081,3581.915767983241]]},"hessian":[[42835.89767510421,-18976.40569950454,0.0,-30594.928257414722,0.0,-26491.310263736523,0.0,31523.909592579002,178675.2586485818,-13594.361598734395,-21128.395637788344,-19030.82214994356,-44945.978370378725,-132633.82839795668,-201903.93304801546,15761.954796289501],[-18976.40569950454,6215.735493242391,0.0,9902.872716338607,0.0,8824.024107525474,0.0,-10244.161467198865,0.0,4428.586885296681,6866.783332952764,6137.581985967699,14692.02969019534,44007.98927235883,66996.20251310989,-5122.080733599432],[0.0,0.0,0.0,0.0,0.0,0.0,0.0,0.0,0.0,0.0,0.0,0.0,0.0,0.0,0.0,0.0],[-30594.928257414722,9902.872716338607,0.0,16576.14324358292,0.0,13254.78159742488,0.0,-16516.785672138212,0.0,0.0,0.0,9884.979936032323,23089.23385498929,69622.62337765424,106224.6943183709,-8258.392836069106],[0.0,0.0,0.0,0.0,0.0,0.0,0.0,0.0,0.0,0.0,0.0,0.0,0.0,0.0,0.0,0.0],[-26491.310263736523,8824.024107525474,0.0,13254.78159742488,0.0,-55995.81741080328,0.0,-14301.039900601609,0.0,0.0,0.0,0.0,0.0,74483.07282174937,92054.77661453187,-7150.519950300804],[0.0,0.0,0.0,0.0,0.0,0.0,0.0,0.0,0.0,0.0,0.0,0.0,0.0,0.0,0.0,0.0],[31523.909592579002,-10244.161467198865,0.0,-16516.785672138212,0.0,-14301.039900601609,0.0,17018.104572343873,0.0,0.0,0.0,0.0,0.0,0.0,0.0,8509.052286171936],[178675.2586485818,0.0,0.0,0.0,0.0,0.0,0.0,0.0,496103.9567569969,-41596.275304982555,-64649.04990934883,-58230.856357113225,-137526.52350376593,-405835.40459920187,-617789.3328276696,48228.71646410931],[-13594.361598734395,4428.586885296681,0.0,0.0,0.0,0.0,0.0,0.0,-41596.275304982555,3174.939001837629,4923.7699113291455,4396.6802059003385,10485.6089092209,32298.712721967604,47554.83052576892,-3669.22038665507],[-21128.395637788344,6866.783332952764,0.0,0.0,0.0,0.0,0.0,0.0,-64649.04990934883,4923.7699113291455,7655.921117475373,6870.0595875270665,16291.154297505273,48094.49110325659,76354.64033228345,-5702.8785568036255],[-19030.82214994356,6137.581985967699,0.0,9884.979936032323,0.0,0.0,0.0,0.0,-58230.856357113225,4396.6802059003385,6870.0595875270665,6325.6149405788165,14610.414655180648,42666.30294296192,65425.96827785019,-5136.7895594012225],[-44945.978370378725,14692.02969019534,0.0,23089.23385498929,0.0,0.0,0.0,0.0,-137526.52350376593,10485.6089092209,16291.154297505273,14610.414655180648,35092.36001264071,102517.45072309859,155341.7244576849,-12132.003485021414],[-132633.82839795668,44007.98927235883,0.0,69622.62337765424,0.0,74483.07282174937,0.0,0.0,-405835.40459920187,32298.712721967604,48094.49110325659,42666.30294296192,102517.45072309859,297017.63451157603,462177.990048076,-35800.890759674076],[-201903.93304801546,66996.20251310989,0.0,106224.6943183709,0.0,92054.77661453187,0.0,0.0,-617789.3328276696,47554.83052576892,76354.64033228345,65425.96827785019,155341.7244576849,462177.990048076,700853.3146290574,-54498.795275321754],[15761.954796289501,-5122.080733599432,0.0,-8258.392836069106,0.0,-7150.519950300804,0.0,8509.052286171936,48228.71646410931,-3669.22038665507,-5702.8785568036255,-5136.7895594012225,-12132.003485021414,-35800.890759674076,-54498.795275321754,4254.527352713922]]}]