[
  {
    "index": 0,
    "name": "C3H3-1",
    "time": 8680,
    "datum": [
      365.7,
      0.0,
      0.0
    ],
    "hf": 265.21241807136954,
    "dipole": 2.726542102512416E-6,
    "ie": 19.156940985179983,
    "geomGradient": 2820.4958928986016,
    "totalError": 10487.558778874252,
    "gradient": {
      "hf": [
        [
          -127.36323404801921,
          43.508774506215566,
          0.0,
          55.213335698891235,
          0.0,
          109.85224200709722,
          0.0,
          -69.1834052072043
        ],
        [
          -873.0676896970471,
          52.47925795031211,
          88.54237556215061,
          88.45139932710909,
          179.19115594095314,
          517.6502174053932,
          927.75022882549,
          -69.1834052072043
        ]
      ],
      "geom": [
        [
          2508.0566865653964,
          -373.11806863726815,
          0.0,
          -94.67451945965877,
          0.0,
          3732.2322623367654,
          0.0,
          0.0
        ],
        [
          -20712.346126856573,
          418.7493914287188,
          999.8050563808647,
          -298.7456173286773,
          393.4225060220342,
          -3417.0408707723254,
          -2297.0009968048544,
          1017.0168343393016
        ]
      ],
      "total": [
        [
          26290.09526338556,
          -8847.31612767074,
          0.0,
          -11122.678040333833,
          0.0,
          -21045.95125227192,
          0.0,
          13904.146197721162
        ],
        [
          169739.8514514011,
          -10431.281533680945,
          -17518.463723502646,
          -17859.11033026607,
          -35904.226563888966,
          -104979.33673849986,
          -187089.66508080642,
          14185.25839453891
        ]
      ]
    },
    "hessian": [
      [
        3339.7348670405336,
        -11082.834389526397,
        0.0,
        -14064.295373827918,
        0.0,
        -27982.268402411137,
        0.0,
        17622.84115102375,
        222393.40731175616,
        -13367.853534873575,
        -22554.082388523966,
        -22530.90831800364,
        -45644.721685675904,
        -131859.1869494412,
        -236322.49503862113,
        -2.8111043453363347E9
      ],
      [
        -11082.834389526397,
        3823.023107543122,
        0.0,
        4881.871773250168,
        0.0,
        10199.235257459804,
        0.0,
        -6020.1944688742515,
        0.0,
        4601.6397936909925,
        7712.3447772464715,
        7581.9862831849605,
        15630.38291351404,
        47379.38550533727,
        83148.44861160964,
        -2.8111279883719544E9
      ],
      [
        0.0,
        0.0,
        0.0,
        0.0,
        0.0,
        0.0,
        0.0,
        0.0,
        0.0,
        0.0,
        0.0,
        0.0,
        0.0,
        0.0,
        0.0,
        0.0
      ],
      [
        -14064.295373827918,
        4881.871773250168,
        0.0,
        7052.541259326972,
        0.0,
        11221.449058211874,
        0.0,
        -7639.676605322165,
        0.0,
        0.0,
        0.0,
        9501.646927674301,
        19097.63610456139,
        57992.546644527465,
        104124.1391794756,
        -2.811129607854091E9
      ],
      [
        0.0,
        0.0,
        0.0,
        0.0,
        0.0,
        0.0,
        0.0,
        0.0,
        0.0,
        0.0,
        0.0,
        0.0,
        0.0,
        0.0,
        0.0,
        0.0
      ],
      [
        -27982.268402411137,
        10199.235257459804,
        0.0,
        11221.449058211874,
        0.0,
        -2.1045962632534518E11,
        0.0,
        1.390414467773035E11,
        0.0,
        0.0,
        0.0,
        0.0,
        0.0,
        -1.0497932289793884E12,
        202661.2445479259,
        -15199.908139038598
      ],
      [
        0.0,
        0.0,
        0.0,
        0.0,
        0.0,
        0.0,
        0.0,
        0.0,
        0.0,
        0.0,
        0.0,
        0.0,
        0.0,
        0.0,
        0.0,
        0.0
      ],
      [
        17622.84115102375,
        -6020.1944688742515,
        0.0,
        -7639.676605322165,
        0.0,
        1.390414467773035E11,
        0.0,
        9572.683829901507,
        0.0,
        0.0,
        0.0,
        0.0,
        0.0,
        0.0,
        0.0,
        -2.8111123954936557E9
      ],
      [
        222393.40731175616,
        0.0,
        0.0,
        0.0,
        0.0,
        0.0,
        0.0,
        0.0,
        1287545.4488676041,
        -91635.88281808188,
        -154606.96409718366,
        -154448.10727785807,
        -312891.9959272025,
        -9.44589863434012E9,
        -1619977.3881817237,
        -2.8110011645941453E9
      ],
      [
        -13367.853534873575,
        4601.6397936909925,
        0.0,
        0.0,
        0.0,
        0.0,
        0.0,
        0.0,
        -91635.88281808188,
        5584.419322985923,
        9335.071190434974,
        9091.663923754822,
        18939.73683763761,
        59969.581925543025,
        101198.28046299517,
        -2.81112922958675E9
      ],
      [
        -22554.082388523966,
        7712.3447772464715,
        0.0,
        0.0,
        0.0,
        0.0,
        0.0,
        0.0,
        -154606.96409718366,
        9335.071190434974,
        15746.934332128149,
        15550.90846522944,
        31839.30748491548,
        92755.79228415154,
        177950.85441321135,
        -2.8111342195129876E9
      ],
      [
        -22530.90831800364,
        7581.9862831849605,
        0.0,
        9501.646927674301,
        0.0,
        0.0,
        0.0,
        0.0,
        -154448.10727785807,
        9091.663923754822,
        15550.90846522944,
        16189.554553420749,
        31422.81355394516,
        88416.68590321206,
        161514.70597833395,
        -2.8111342068961315E9
      ],
      [
        -45644.721685675904,
        15630.38291351404,
        0.0,
        19097.63610456139,
        0.0,
        0.0,
        0.0,
        0.0,
        -312891.9959272025,
        18939.73683763761,
        31839.30748491548,
        31422.81355394516,
        65185.3143790504,
        187843.38637487963,
        333420.0044628233,
        -2.811146762292228E9
      ],
      [
        -131859.1869494412,
        47379.38550533727,
        0.0,
        57992.546644527465,
        0.0,
        -1.0497932289793884E12,
        0.0,
        0.0,
        -9.44589863434012E9,
        59969.581925543025,
        92755.79228415154,
        88416.68590321206,
        187843.38637487963,
        510151.1832617689,
        978760.8269834891,
        -2.811193593785247E9
      ],
      [
        -236322.49503862113,
        83148.44861160964,
        0.0,
        104124.1391794756,
        0.0,
        202661.2445479259,
        0.0,
        0.0,
        -1619977.3881817237,
        101198.28046299517,
        177950.85441321135,
        161514.70597833395,
        333420.0044628233,
        978760.8269834891,
        1743804.5906601474,
        -2.8112503380414457E9
      ],
      [
        -2.8111043453363347E9,
        -2.8111279883719544E9,
        0.0,
        -2.811129607854091E9,
        0.0,
        -15199.908139038598,
        0.0,
        -2.8111123954936557E9,
        -2.8110011645941453E9,
        -2.81112922958675E9,
        -2.8111342195129876E9,
        -2.8111342068961315E9,
        -2.811146762292228E9,
        -2.811193593785247E9,
        -2.8112503380414457E9,
        -2.8111123954918365E9
      ]
    ]
  },
  {
    "index": 1,
    "name": "C3H3-1",
    "time": 5105,
    "datum": [
      52.1,
      0.0,
      0.0
    ],
    "hf": 262.34568931436604,
    "dipole": 0.6723808290642027,
    "ie": 17.157025978118238,
    "geomGradient": 554.8427291645254,
    "totalError": 44218.33454752416,
    "gradient": {
      "hf": [
        [
          -126.41982246959402,
          42.37894464266295,
          0.0,
          59.22738712248963,
          0.0,
          85.59148902402467,
          0.0,
          -69.1834052072043
        ],
        [
          -801.060034665032,
          54.02299863388418,
          86.00868251533866,
          85.47922727713627,
          178.14927656732755,
          486.72851562972534,
          843.6002483072774,
          -69.1834052072043
        ]
      ],
      "geom": [
        [
          737.0394939698599,
          -108.89937357205781,
          0.0,
          -114.08400382606487,
          0.0,
          1802.3705831637926,
          0.0,
          0.0
        ],
        [
          5190.702155459803,
          -209.16830976602796,
          -382.98320646390493,
          120.21032944176113,
          -6.046869884812622,
          1715.1836141238164,
          1915.4138010435418,
          0.0
        ]
      ],
      "total": [
        [
          -53118.3692178142,
          17814.059499111638,
          0.0,
          24898.402393069664,
          0.0,
          36088.48637550431,
          0.0,
          -29091.02543380754
        ],
        [
          -336556.5960523581,
          22704.831732667226,
          36145.08493106082,
          35949.81450895336,
          74909.90610945143,
          204758.4069564925,
          354830.7812575112,
          -29091.02543380754
        ]
      ]
    },
    "hessian": [
      [
        93000.21491071675,
        -10715.074313338846,
        0.0,
        -14975.027297623456,
        0.0,
        -21640.915583702736,
        0.0,
        17492.30268615065,
        202539.6778481081,
        -13659.151918545831,
        -21746.398633695208,
        -21612.53141821362,
        -45043.18712861277,
        -123064.2304290086,
        -213295.52750103176,
        17492.30268615065
      ],
      [
        -10715.074313338846,
        3437.1333094895817,
        0.0,
        5035.201720602345,
        0.0,
        6011.203513480723,
        0.0,
        -5863.778387720231,
        0.0,
        4510.392791416962,
        7274.022573255934,
        7478.138868464157,
        14850.958541501313,
        36791.9824202545,
        66093.73551327735,
        -5863.778387720231
      ],
      [
        0.0,
        0.0,
        0.0,
        0.0,
        0.0,
        0.0,
        0.0,
        0.0,
        0.0,
        0.0,
        0.0,
        0.0,
        0.0,
        0.0,
        0.0,
        0.0
      ],
      [
        -14975.027297623456,
        5035.201720602345,
        0.0,
        4786.426434293389,
        0.0,
        12807.36927583348,
        0.0,
        -8194.790898414794,
        0.0,
        0.0,
        0.0,
        10664.631918189116,
        22791.29868838936,
        55648.46738707274,
        98436.57840974629,
        -8194.790898414794
      ],
      [
        0.0,
        0.0,
        0.0,
        0.0,
        0.0,
        0.0,
        0.0,
        0.0,
        0.0,
        0.0,
        0.0,
        0.0,
        0.0,
        0.0,
        0.0,
        0.0
      ],
      [
        -21640.915583702736,
        6011.203513480723,
        0.0,
        12807.36927583348,
        0.0,
        9.803516971885257E8,
        0.0,
        -2.909102661809835E11,
        0.0,
        0.0,
        0.0,
        0.0,
        0.0,
        2.0475841069056428E12,
        142494.80445869267,
        -11842.908097605687
      ],
      [
        0.0,
        0.0,
        0.0,
        0.0,
        0.0,
        0.0,
        0.0,
        0.0,
        0.0,
        0.0,
        0.0,
        0.0,
        0.0,
        0.0,
        0.0,
        0.0
      ],
      [
        17492.30268615065,
        -5863.778387720231,
        0.0,
        -8194.790898414794,
        0.0,
        -2.909102661809835E11,
        0.0,
        9572.683848091401,
        0.0,
        0.0,
        0.0,
        0.0,
        0.0,
        0.0,
        0.0,
        9572.683848091401
      ],
      [
        202539.6778481081,
        0.0,
        0.0,
        0.0,
        0.0,
        0.0,
        0.0,
        0.0,
        2.8241331855364842E9,
        -86551.31779960357,
        -137796.21658613905,
        -136947.965802392,
        -285416.49007820524,
        -779797.4106506445,
        -1351548.6934920773,
        110840.10595368454
      ],
      [
        -13659.151918545831,
        4510.392791416962,
        0.0,
        0.0,
        0.0,
        0.0,
        0.0,
        0.0,
        -86551.31779960357,
        5734.3071239301935,
        9245.633555110544,
        9546.728470013477,
        19082.248327322304,
        41664.90602074191,
        84884.85822454095,
        -7474.975063814782
      ],
      [
        -21746.398633695208,
        7274.022573255934,
        0.0,
        0.0,
        0.0,
        0.0,
        0.0,
        0.0,
        -137796.21658613905,
        9245.633555110544,
        14721.857442054898,
        14848.296123091131,
        30476.75680136308,
        83021.21481392533,
        118137.34483439475,
        -11900.681747647468
      ],
      [
        -21612.53141821362,
        7478.138868464157,
        0.0,
        10664.631918189116,
        0.0,
        0.0,
        0.0,
        0.0,
        -136947.965802392,
        9546.728470013477,
        14848.296123091131,
        13642.066478496417,
        30887.253233231604,
        88675.54308380932,
        147799.87337533385,
        -11827.338275907096
      ],
      [
        -45043.18712861277,
        14850.958541501313,
        0.0,
        22791.29868838936,
        0.0,
        0.0,
        0.0,
        0.0,
        -285416.49007820524,
        19082.248327322304,
        30476.75680136308,
        30887.253233231604,
        61353.25907962397,
        169959.13087157533,
        298480.7261964306,
        -24649.945553392172
      ],
      [
        -123064.2304290086,
        36791.9824202545,
        0.0,
        55648.46738707274,
        0.0,
        2.0475841069056428E12,
        0.0,
        0.0,
        -779797.4106506445,
        41664.90602074191,
        83021.21481392533,
        88675.54308380932,
        169959.13087157533,
        531521.848461125,
        781228.3444218338,
        -67347.0449692104
      ],
      [
        -213295.52750103176,
        66093.73551327735,
        0.0,
        98436.57840974629,
        0.0,
        142494.80445869267,
        0.0,
        0.0,
        -1351548.6934920773,
        84884.85822454095,
        118137.34483439475,
        147799.87337533385,
        298480.7261964306,
        781228.3444218338,
        1347897.4666213617,
        -116726.14164126571
      ],
      [
        17492.30268615065,
        -5863.778387720231,
        0.0,
        -8194.790898414794,
        0.0,
        -11842.908097605687,
        0.0,
        9572.683848091401,
        110840.10595368454,
        -7474.975063814782,
        -11900.681747647468,
        -11827.338275907096,
        -24649.945553392172,
        -67347.0449692104,
        -116726.14164126571,
        9572.685630701017
      ]
    ]
  },
  {
    "index": 2,
    "name": "C3H4-0",
    "time": 3025,
    "datum": [
      0.0,
      0.0,
      15.4
    ],
    "hf": 43.8481634015337,
    "dipole": 2.988872103700806E-5,
    "ie": 9.87425992980217,
    "geomGradient": 333.052274595009,
    "totalError": 4981.4770330896245,
    "gradient": {
      "hf": [
        [
          -170.7888690561746,
          55.53130869272417,
          0.0,
          88.26610493814994,
          0.0,
          85.06991161116007,
          0.0,
          -92.2445402762724
        ],
        [
          -843.348655406657,
          57.29144572754381,
          91.83651840634198,
          83.00582153183122,
          197.70623463510844,
          534.3720834772029,
          909.4954623906541,
          -69.1834052072043
        ]
      ],
      "ie": [
        [
          0.0,
          0.02624259614516805,
          0.0,
          -0.39276559554609425,
          0.0,
          1.0973160768726202,
          0.0,
          0.0
        ],
        [
          0.0,
          -0.018058736805361495,
          -0.14452608702298445,
          0.0732267883031411,
          -0.6804611927570456,
          -0.38610474028531094,
          -2.1784602117055534,
          0.0
        ]
      ],
      "geom": [
        [
          -194.68304458314378,
          74.68959381640161,
          0.0,
          -69.59239840398368,
          0.0,
          -2252.165563731978,
          0.0,
          0.0
        ],
        [
          11256.150835947665,
          -358.38101894114516,
          -613.1207169346453,
          246.2346486709066,
          -176.64212862200657,
          2161.841909469331,
          945.1156324757903,
          -60.06199669172929
        ]
      ],
      "total": [
        [
          -29961.467233973846,
          9713.21943965793,
          0.0,
          15913.019051635378,
          0.0,
          13634.432147742218,
          0.0,
          -16179.014699733394
        ],
        [
          -147549.76769630783,
          10056.759030076324,
          16247.161656848435,
          14485.721746520152,
          35422.46601878799,
          94222.20124483899,
          161957.19131335878,
          -12136.221395692306
        ]
      ]
    },
    "hessian": [
      [
        151766.09642367112,
        -37936.516891932115,
        0.0,
        -60299.47180650197,
        0.0,
        6.924662030147738E8,
        0.0,
        63017.361626407364,
        576138.241449371,
        -39138.96414815099,
        -62738.619271840435,
        -56705.88045177283,
        -135064.09428373445,
        -365059.208124876,
        -621326.7936254852,
        1.9650971943829063E7
      ],
      [
        -37936.516891932115,
        12203.370224597165,
        0.0,
        19765.096203627763,
        0.0,
        6.925425842983168E8,
        0.0,
        -20489.909438765608,
        0.0,
        12699.876024271362,
        20386.431788210757,
        18549.062879174016,
        43640.230142045766,
        116525.23535303771,
        198902.04013790935,
        1.9588341490525637E7
      ],
      [
        0.0,
        0.0,
        0.0,
        0.0,
        0.0,
        0.0,
        0.0,
        0.0,
        0.0,
        0.0,
        0.0,
        0.0,
        0.0,
        0.0,
        0.0,
        0.0
      ],
      [
        -60299.47180650197,
        19765.096203627763,
        0.0,
        29779.965698253363,
        0.0,
        6.925562697426358E8,
        0.0,
        -32568.306232860778,
        0.0,
        0.0,
        0.0,
        29543.824239226524,
        71050.22617906798,
        188198.76699126326,
        320430.6701081805,
        1.957928269292097E7
      ],
      [
        0.0,
        0.0,
        0.0,
        0.0,
        0.0,
        0.0,
        0.0,
        0.0,
        0.0,
        0.0,
        0.0,
        0.0,
        0.0,
        0.0,
        0.0,
        0.0
      ],
      [
        6.924662030147738E8,
        6.925425842983168E8,
        0.0,
        6.925562697426358E8,
        0.0,
        6.927140533202873E8,
        0.0,
        -31389.046453114133,
        0.0,
        0.0,
        0.0,
        0.0,
        0.0,
        152520.46796376817,
        307416.3742712699,
        1.958016713775578E7
      ],
      [
        0.0,
        0.0,
        0.0,
        0.0,
        0.0,
        0.0,
        0.0,
        0.0,
        0.0,
        0.0,
        0.0,
        0.0,
        0.0,
        0.0,
        0.0,
        0.0
      ],
      [
        63017.361626407364,
        -20489.909438765608,
        0.0,
        -32568.306232860778,
        0.0,
        -31389.046453114133,
        0.0,
        34036.209144687746,
        0.0,
        0.0,
        0.0,
        0.0,
        0.0,
        0.0,
        0.0,
        1.962923607945413E7
      ],
      [
        576138.241449371,
        0.0,
        0.0,
        0.0,
        0.0,
        0.0,
        0.0,
        0.0,
        3034091.872686986,
        -193268.80950757186,
        -309785.3554208996,
        -280013.91219731886,
        -666920.7977392944,
        -1802637.3101747595,
        -3068100.7681414485,
        1.9837091834797323E7
      ],
      [
        -39138.96414815099,
        12699.876024271362,
        0.0,
        0.0,
        0.0,
        0.0,
        0.0,
        0.0,
        -193268.80950757186,
        13092.045137454988,
        21041.384388809092,
        19133.277364744572,
        45252.962154336274,
        117715.86592658423,
        205865.08209817111,
        1.9587854459641676E7
      ],
      [
        -62738.619271840435,
        20386.431788210757,
        0.0,
        0.0,
        0.0,
        0.0,
        0.0,
        0.0,
        -309785.3554208996,
        21041.384388809092,
        33703.67678144248,
        8.039937804083821E7,
        3.5422473273093634E11,
        9.422222084272603E11,
        3.0879979820136213E8,
        -25414.29408665863
      ],
      [
        -56705.88045177283,
        18549.062879174016,
        0.0,
        29543.824239226524,
        0.0,
        0.0,
        0.0,
        0.0,
        -280013.91219731886,
        19133.277364744572,
        8.039937804083821E7,
        27156.796568306163,
        65830.5374236079,
        179538.0590192508,
        303389.8430294357,
        1.9580738358636156E7
      ],
      [
        -135064.09428373445,
        43640.230142045766,
        0.0,
        71050.22617906798,
        0.0,
        0.0,
        0.0,
        0.0,
        -666920.7977392944,
        45252.962154336274,
        3.5422473273093634E11,
        65830.5374236079,
        155113.47752180882,
        421092.2235506587,
        718895.0816635042,
        1.954899691469109E7
      ],
      [
        -365059.208124876,
        116525.23535303771,
        0.0,
        188198.76699126326,
        0.0,
        152520.46796376817,
        0.0,
        0.0,
        -1802637.3101747595,
        117715.86592658423,
        9.422222084272603E11,
        179538.0590192508,
        421092.2235506587,
        1172556.172532495,
        1931731.6854721867,
        1.945583024618827E7
      ],
      [
        -621326.7936254852,
        198902.04013790935,
        0.0,
        320430.6701081805,
        0.0,
        307416.3742712699,
        0.0,
        0.0,
        -3068100.7681414485,
        205865.08209817111,
        3.0879979820136213E8,
        303389.8430294357,
        718895.0816635042,
        1931731.6854721867,
        3287127.0706527866,
        1.935202091397514E7
      ],
      [
        1.9650971943829063E7,
        1.9588341490525637E7,
        0.0,
        1.957928269292097E7,
        0.0,
        1.958016713775578E7,
        0.0,
        1.962923607945413E7,
        1.9837091834797323E7,
        1.9587854459641676E7,
        -25414.29408665863,
        1.9580738358636156E7,
        1.954899691469109E7,
        1.945583024618827E7,
        1.935202091397514E7,
        1.9622854293884303E7
      ]
    ]
  },
  {
    "index": 3,
    "name": "C3H4-0",
    "time": 9448,
    "datum": [
      430.6,
      0.0,
      0.0
    ],
    "hf": 66.42016751101778,
    "dipole": 0.49750263390490024,
    "ie": 9.647860454322931,
    "geomGradient": 0.0,
    "totalError": 132626.95039170317,
    "gradient": {
      "hf": [
        [
          -172.9966561122077,
          56.34761889942389,
          0.0,
          86.28352650841546,
          0.0,
          97.87768737034233,
          0.0,
          -92.2445402762724
        ],
        [
          -895.5401599132936,
          56.13333277567235,
          91.48122700011403,
          84.53995411314268,
          198.15468048353148,
          571.0795300282497,
          948.6659134945576,
          -69.1834052072043
        ]
      ],
      "total": [
        [
          126003.78648819572,
          -41041.33282389041,
          0.0,
          -62845.440460786805,
          0.0,
          -71290.15958188048,
          0.0,
          67187.20245167211
        ],
        [
          652275.3308487593,
          -40885.255454585305,
          -66631.23584957617,
          -61575.492655101094,
          -144327.8766908006,
          -415951.29516714934,
          -690969.9869289106,
          50390.40183875409
        ]
      ]
    },
    "hessian": [
      [
        -87228.33605133928,
        -19495.89597643353,
        0.0,
        -29853.517989977263,
        0.0,
        -33865.019504446536,
        0.0,
        31915.988656692207,
        309850.8529365063,
        -19421.75440490246,
        -31651.8874024041,
        -29250.253792270087,
        -68560.18240796402,
        -197589.66460358351,
        -328232.0057041943,
        23936.99141975958
      ],
      [
        -19495.89597643353,
        6744.872152921744,
        0.0,
        9420.495625818148,
        0.0,
        13829.09293170087,
        0.0,
        -10395.515855634585,
        0.0,
        6466.475679189898,
        10316.269763279706,
        9015.727846417576,
        23145.83951374516,
        74369.81657519937,
        117956.9005034864,
        -7796.636928105727
      ],
      [
        0.0,
        0.0,
        0.0,
        0.0,
        0.0,
        0.0,
        0.0,
        0.0,
        0.0,
        0.0,
        0.0,
        0.0,
        0.0,
        0.0,
        0.0,
        0.0
      ],
      [
        -29853.517989977263,
        9420.495625818148,
        0.0,
        20141.617642366327,
        0.0,
        9938.102593878284,
        0.0,
        -15918.236604193226,
        0.0,
        0.0,
        0.0,
        13666.123122675344,
        29865.206161048263,
        99990.60188420117,
        170756.65527954698,
        -11938.677489524707
      ],
      [
        0.0,
        0.0,
        0.0,
        0.0,
        0.0,
        0.0,
        0.0,
        0.0,
        0.0,
        0.0,
        0.0,
        0.0,
        0.0,
        0.0,
        0.0,
        0.0
      ],
      [
        -33865.019504446536,
        13829.09293170087,
        0.0,
        9938.102593878284,
        0.0,
        -626446.2793478742,
        0.0,
        -18057.154084090143,
        0.0,
        0.0,
        0.0,
        0.0,
        0.0,
        239866.7245870456,
        173805.29432557523,
        -13542.865635827184
      ],
      [
        0.0,
        0.0,
        0.0,
        0.0,
        0.0,
        0.0,
        0.0,
        0.0,
        0.0,
        0.0,
        0.0,
        0.0,
        0.0,
        0.0,
        0.0,
        0.0
      ],
      [
        31915.988656692207,
        -10395.515855634585,
        0.0,
        -15918.236604193226,
        0.0,
        -18057.154084090143,
        0.0,
        17018.10469967313,
        0.0,
        0.0,
        0.0,
        0.0,
        0.0,
        0.0,
        0.0,
        12763.578415615484
      ],
      [
        309850.8529365063,
        0.0,
        0.0,
        0.0,
        0.0,
        0.0,
        0.0,
        0.0,
        720516.1172896624,
        -100539.3063678639,
        -163850.22332542576,
        -151417.8462093696,
        -354910.94400640577,
        -1022849.2948226631,
        -1699136.8273738772,
        123913.03396725561
      ],
      [
        -19421.75440490246,
        6466.475679189898,
        0.0,
        0.0,
        0.0,
        0.0,
        0.0,
        0.0,
        -100539.3063678639,
        6520.71823424194,
        10384.506022091955,
        8895.85047843866,
        22739.33670949191,
        85108.11952874064,
        119035.56063771248,
        -7767.093484289944
      ],
      [
        -31651.8874024041,
        10316.269763279706,
        0.0,
        0.0,
        0.0,
        0.0,
        0.0,
        0.0,
        -163850.22332542576,
        10384.506022091955,
        16981.871594907716,
        15108.446386875585,
        36656.799202319235,
        108250.21076016128,
        222544.70502957702,
        -12658.3192468388
      ],
      [
        -29250.253792270087,
        9015.727846417576,
        0.0,
        13666.123122675344,
        0.0,
        0.0,
        0.0,
        0.0,
        -151417.8462093696,
        8895.85047843866,
        15108.446386875585,
        16216.537987929769,
        32504.276605322957,
        86331.9489872083,
        152403.94044667482,
        -11697.614390868694
      ],
      [
        -68560.18240796402,
        23145.83951374516,
        0.0,
        29865.206161048263,
        0.0,
        0.0,
        0.0,
        0.0,
        -354910.94400640577,
        22739.33670949191,
        36656.799202319235,
        32504.276605322957,
        83860.08848901838,
        235110.33097747713,
        376916.5207631886,
        -27418.21779636666
      ],
      [
        -197589.66460358351,
        74369.81657519937,
        0.0,
        99990.60188420117,
        0.0,
        239866.7245870456,
        0.0,
        0.0,
        -1022849.2948226631,
        85108.11952874064,
        108250.21076016128,
        86331.9489872083,
        235110.33097747713,
        644547.2699124366,
        1181249.68605116,
        -79018.540418474
      ],
      [
        -328232.0057041943,
        117956.9005034864,
        0.0,
        170756.65527954698,
        0.0,
        173805.29432557523,
        0.0,
        0.0,
        -1699136.8273738772,
        119035.56063771248,
        222544.70502957702,
        152403.94044667482,
        376916.5207631886,
        1181249.68605116,
        1868056.0251232237,
        -131264.1963158967
      ],
      [
        23936.99141975958,
        -7796.636928105727,
        0.0,
        -11938.677489524707,
        0.0,
        -13542.865635827184,
        0.0,
        12763.578415615484,
        123913.03396725561,
        -7767.093484289944,
        -12658.3192468388,
        -11697.614390868694,
        -27418.21779636666,
        -79018.540418474,
        -131264.1963158967,
        9572.685594321229
      ]
    ]
  },
  {
    "index": 4,
    "name": "C3H4-0",
    "time": 5771,
    "datum": [
      170.9,
      0.0,
      0.0
    ],
    "hf": 39.7689244865129,
    "dipole": 0.048367069924776955,
    "ie": 10.53565903614306,
    "geomGradient": 681.5613727183116,
    "totalError": 17218.120734658158,
    "gradient": {
      "hf": [
        [
          -172.23393500185335,
          55.23711408185248,
          0.0,
          88.968022185493,
          0.0,
          82.12277408111177,
          0.0,
          -92.2445402762724
        ],
        [
          -838.3479800332806,
          56.765162866647835,
          93.56497995807511,
          83.04902017812749,
          196.96111874146916,
          526.5293495525921,
          911.8907338789334,
          -69.1834052072043
        ]
      ],
      "geom": [
        [
          -1478.5398343519773,
          202.1463092205522,
          0.0,
          -62.184377611629316,
          0.0,
          -1822.1788218397705,
          0.0,
          0.0
        ],
        [
          10509.416318882359,
          -291.66567401262,
          -675.3376987944648,
          209.17789129271114,
          -146.99932080475264,
          2708.9773493571556,
          1014.7028638129996,
          0.0
        ]
      ],
      "total": [
        [
          45071.6861407924,
          -14473.102394260774,
          0.0,
          -23337.098353020083,
          0.0,
          -21659.40419533145,
          0.0,
          24192.251553349557
        ],
        [
          220568.90014949802,
          -14906.834946404757,
          -24583.66074532631,
          -21766.643050666586,
          -51665.265197586865,
          -137907.7790290491,
          -239086.65030553256,
          18144.188665012167
        ]
      ]
    },
    "hessian": [
      [
        5882.507612113841,
        -19027.41234516725,
        0.0,
        -30646.627201349474,
        0.0,
        -28288.6589775444,
        0.0,
        31775.282477610745,
        288783.9628965594,
        -19553.7760919251,
        -32230.131546384655,
        -28607.721033040434,
        -67846.78167605307,
        -181372.4561361596,
        -314117.08012456074,
        23831.461876397952
      ],
      [
        -19027.41234516725,
        6314.410711638629,
        0.0,
        9597.397729521617,
        0.0,
        10429.766334709711,
        0.0,
        -10190.50156173762,
        0.0,
        6310.131811915198,
        10357.18039929634,
        8999.057281471323,
        22165.551272337325,
        61399.886617437005,
        105544.67386100441,
        -7642.8761531133205
      ],
      [
        0.0,
        0.0,
        0.0,
        0.0,
        0.0,
        0.0,
        0.0,
        0.0,
        0.0,
        0.0,
        0.0,
        0.0,
        0.0,
        0.0,
        0.0,
        0.0
      ],
      [
        -30646.627201349474,
        9597.397729521617,
        0.0,
        17940.419747901615,
        0.0,
        11237.07083024783,
        0.0,
        -16413.67398406146,
        0.0,
        0.0,
        0.0,
        14463.327825069427,
        33250.948108616285,
        94426.50771234185,
        163223.81008649245,
        -12310.255478951149
      ],
      [
        0.0,
        0.0,
        0.0,
        0.0,
        0.0,
        0.0,
        0.0,
        0.0,
        0.0,
        0.0,
        0.0,
        0.0,
        0.0,
        0.0,
        0.0,
        0.0
      ],
      [
        -28288.6589775444,
        10429.766334709711,
        0.0,
        11237.07083024783,
        0.0,
        -1.2172952820889988E9,
        0.0,
        2.4192250038296185E11,
        0.0,
        0.0,
        0.0,
        0.0,
        0.0,
        -1.3790776537608313E12,
        -2.3908663505870356E12,
        1.8144187528722137E11
      ],
      [
        0.0,
        0.0,
        0.0,
        0.0,
        0.0,
        0.0,
        0.0,
        0.0,
        0.0,
        0.0,
        0.0,
        0.0,
        0.0,
        0.0,
        0.0,
        0.0
      ],
      [
        31775.282477610745,
        -10190.50156173762,
        0.0,
        -16413.67398406146,
        0.0,
        2.4192250038296185E11,
        0.0,
        17018.109392665792,
        0.0,
        0.0,
        0.0,
        0.0,
        0.0,
        0.0,
        0.0,
        12763.582053594291
      ],
      [
        288783.9628965594,
        0.0,
        0.0,
        0.0,
        0.0,
        0.0,
        0.0,
        0.0,
        1127301.3512254693,
        -1.9490747393014318E8,
        -156880.02247770783,
        -139247.95533966972,
        -5.166529822197777E11,
        -1.3790786731201165E12,
        6.762216677307152E8,
        1.8144200264965665E11
      ],
      [
        -19553.7760919251,
        6310.131811915198,
        0.0,
        0.0,
        0.0,
        0.0,
        0.0,
        0.0,
        -1.9490747393014318E8,
        6499.372466350906,
        10650.947697286028,
        9256.228368030861,
        22480.009065475315,
        66774.81898805127,
        107307.02691944316,
        -7854.417672206182
      ],
      [
        -32230.131546384655,
        10357.18039929634,
        0.0,
        0.0,
        0.0,
        0.0,
        0.0,
        0.0,
        -156880.02247770783,
        10650.947697286028,
        17559.766347403638,
        15449.991115019657,
        -5.166526149523192E11,
        -1.3790776912463154E12,
        6.779388758447021E8,
        1.814418737040373E11
      ],
      [
        -28607.721033040434,
        8999.057281471323,
        0.0,
        14463.327825069427,
        0.0,
        0.0,
        0.0,
        0.0,
        -139247.95533966972,
        9256.228368030861,
        15449.991115019657,
        14395.820289792027,
        -5.1665261954894476E11,
        84327.62144366279,
        149238.2469587028,
        -11491.100667626597
      ],
      [
        -67846.78167605307,
        22165.551272337325,
        0.0,
        33250.948108616285,
        0.0,
        0.0,
        0.0,
        0.0,
        -5.166529822197777E11,
        22480.009065475315,
        -5.166526149523192E11,
        -5.1665261954894476E11,
        79670.05803948268,
        209799.5055373758,
        360470.2343000099,
        -27252.73989199195
      ],
      [
        -181372.4561361596,
        61399.886617437005,
        0.0,
        94426.50771234185,
        0.0,
        -1.3790776537608313E12,
        0.0,
        0.0,
        -1.3790786731201165E12,
        66774.81898805127,
        -1.3790776912463154E12,
        84327.62144366279,
        209799.5055373758,
        530290.3545089066,
        982907.4153094552,
        -72854.04608410317
      ],
      [
        -314117.08012456074,
        105544.67386100441,
        0.0,
        163223.81008649245,
        0.0,
        -2.3908663505870356E12,
        0.0,
        0.0,
        6.762216677307152E8,
        107307.02691944316,
        6.779388758447021E8,
        149238.2469587028,
        360470.2343000099,
        982907.4153094552,
        1687780.681240838,
        -126175.49698916264
      ],
      [
        23831.461876397952,
        -7642.8761531133205,
        0.0,
        -12310.255478951149,
        0.0,
        1.8144187528722137E11,
        0.0,
        12763.582053594291,
        1.8144200264965665E11,
        -7854.417672206182,
        1.814418737040373E11,
        -11491.100667626597,
        -27252.73989199195,
        -72854.04608410317,
        -126175.49698916264,
        9572.687486070208
      ]
    ]
  },
  {
    "index": 5,
    "name": "C3H5-1",
    "time": 3783,
    "datum": [
      142.4,
      0.0,
      0.0
    ],
    "hf": 218.04298115409165,
    "dipole": 1.0226384238832127,
    "ie": 17.362145414047937,
    "geomGradient": 312.2930933009251,
    "totalError": 5726.639419708313,
    "gradient": {
      "hf": [
        [
          -212.10493560492316,
          69.75240862453423,
          0.0,
          103.79289696727457,
          0.0,
          114.42843691925704,
          0.0,
          -115.3056753453405
        ],
        [
          -811.159234668234,
          56.853945581839945,
          89.7283022124594,
          86.11828907794978,
          179.06697505986526,
          571.3672423899723,
          896.9113273219646,
          -69.1834052072043
        ]
      ],
      "geom": [
        [
          -241.30734630034567,
          -86.41988586077787,
          0.0,
          -125.65107340378745,
          0.0,
          1698.1160206341883,
          0.0,
          20.175031636426866
        ],
        [
          3239.9964840124085,
          -162.10680769290775,
          -1248.2030615501571,
          117.4352979660398,
          5.303292027747375,
          171.14774436777225,
          674.4284803517075,
          0.0
        ]
      ],
      "total": [
        [
          -32095.88443783206,
          10549.915405395423,
          0.0,
          15698.562782134046,
          0.0,
          17363.38656542808,
          0.0,
          -17443.51260295716
        ],
        [
          -122617.84620657418,
          8596.242634396625,
          13536.431637365811,
          13032.082310273467,
          27090.48194533143,
          86445.08102567297,
          135710.73395593461,
          -10466.478032528881
        ]
      ]
    },
    "hessian": [
      [
        3.6155980843643194E8,
        -29589.656169264344,
        0.0,
        -44029.965338268084,
        0.0,
        -48541.66574659757,
        0.0,
        -6125598.7775439285,
        344101.70672344975,
        -24118.001583701698,
        3.283252603332039E8,
        -36532.22323919181,
        815120.2994122286,
        -242379.5907816384,
        -380478.5857209936,
        29348.279331316007
      ],
      [
        -29589.656169264344,
        9624.469184927875,
        0.0,
        14527.065486618085,
        0.0,
        15102.031975402497,
        0.0,
        -6190598.315224634,
        0.0,
        7901.538556325249,
        3.2837584091843385E8,
        12130.301493016304,
        915899.2645825492,
        77456.69514406472,
        121775.93540400267,
        -9651.443269831361
      ],
      [
        0.0,
        0.0,
        0.0,
        0.0,
        0.0,
