[
  {
    "index": 0,
    "name": "C3H3-1",
    "time": 3800,
    "datum": [
      365.7,
      0.0,
      0.0
    ],
    "hf": 262.0223127897133,
    "dipole": 1.2022158209778123E-9,
    "ie": 19.143176286109885,
    "geomGradient": 2812.3211984550762,
    "totalError": 11136.611200914758,
    "gradient": {
      "hf": [
        [
          -127.17995828699159,
          43.52543102950583,
          0.0,
          55.22102010716595,
          0.0,
          109.9942566289245,
          0.0,
          -69.1834052072043
        ],
        [
          -874.9950105787791,
          52.49617549380693,
          88.33190747256056,
          88.39414310745245,
          179.24072775233512,
          518.4649364464503,
          927.6471708217157,
          -69.1834052072043
        ]
      ],
      "geom": [
        [
          2524.1991488655913,
          -301.7592280230019,
          0.0,
          -96.80345556262182,
          0.0,
          2082.517662529426,
          0.0,
          -1400.4334525452578
        ],
        [
          -20663.051791416365,
          415.0887434661854,
          999.0148055294412,
          -296.67392482224386,
          393.4772894353955,
          -3403.5328735626535,
          -2193.062191508943,
          0.0
        ]
      ],
      "total": [
        [
          27067.136029388792,
          -9108.399147572281,
          0.0,
          -11477.05505640333,
          0.0,
          -22233.942827691393,
          0.0,
          13959.580959239469
        ],
        [
          175740.02645407437,
          -10770.962563662444,
          -18040.75979677047,
          -18410.766192676587,
          -37058.08293132691,
          -108444.53013048849,
          -192957.05077441217,
          14345.550890430097
        ]
      ]
    },
    "hessian": [
      [
        2401.976271357853,
        -2.0713727487323922E8,
        0.0,
        -14046.008745935978,
        0.0,
        4.640973797748884E9,
        0.0,
        3.859716909384788E9,
        222563.57362493873,
        -13352.917758311378,
        -22468.08810014045,
        -22483.91836474184,
        -45591.639282065444,
        -131876.64793804288,
        -235956.16745296866,
        17597.478508832864
      ],
      [
        -2.0713727487323922E8,
        -2.071223766636649E8,
        0.0,
        4886.80570924771,
        0.0,
        4.641012008192011E9,
        0.0,
        3.8596932891289544E9,
        0.0,
        4606.035654433072,
        7697.510736761615,
        7577.038413728587,
        15642.450234736316,
        47541.08551423997,
        83245.52531121299,
        -6022.777324687922
      ],
      [
        0.0,
        0.0,
        0.0,
        0.0,
        0.0,
        0.0,
        0.0,
        0.0,
        0.0,
        0.0,
        0.0,
        0.0,
        0.0,
        0.0,
        0.0,
        0.0
      ],
      [
        -14046.008745935978,
        4886.80570924771,
        0.0,
        7083.086638886016,
        0.0,
        4.641012985143643E9,
        0.0,
        3.8596916711195626E9,
        0.0,
        0.0,
        0.0,
        9487.910065217875,
        19086.008178419434,
        58120.2311150264,
        104164.74018711597,
        -7640.786716365255
      ],
      [
        0.0,
        0.0,
        0.0,
        0.0,
        0.0,
        0.0,
        0.0,
        0.0,
        0.0,
        0.0,
        0.0,
        0.0,
        0.0,
        0.0,
        0.0,
        0.0
      ],
      [
        4.640973797748884E9,
        4.641012008192011E9,
        0.0,
        4.641012985143643E9,
        0.0,
        1.0380476730603878E10,
        0.0,
        -15219.81663245242,
        0.0,
        0.0,
        0.0,
        0.0,
        0.0,
        -1.084445152987273E12,
        200689.7926912643,
        -15219.81663245242
      ],
      [
        0.0,
        0.0,
        0.0,
        0.0,
        0.0,
        0.0,
        0.0,
        0.0,
        0.0,
        0.0,
        0.0,
        0.0,
        0.0,
        0.0,
        0.0,
        0.0
      ],
      [
        3.859716909384788E9,
        3.8596932891289544E9,
        0.0,
        3.8596916711195626E9,
        0.0,
        -15219.81663245242,
        0.0,
        3.8597088845955477E9,
        0.0,
        0.0,
        0.0,
        0.0,
        0.0,
        0.0,
        0.0,
        9572.689268679824
      ],
      [
        222563.57362493873,
        0.0,
        0.0,
        0.0,
        0.0,
        0.0,
        0.0,
        0.0,
        1286341.0188583657,
        -91867.77475406416,
        -154579.94231837802,
        -154688.85401787702,
        -313669.45593617857,
        -907308.3811381366,
        -1623373.1419197284,
        121070.25753721246
      ],
      [
        -13352.917758311378,
        4606.035654433072,
        0.0,
        0.0,
        0.0,
        0.0,
        0.0,
        0.0,
        -91867.77475406416,
        5590.453674813034,
        9317.509902757592,
        9083.627592190169,
        18955.860650748946,
        60256.41021551564,
        101329.5046868734,
        -7264.231626322726
      ],
      [
        -22468.08810014045,
        7697.510736761615,
        0.0,
        0.0,
        0.0,
        0.0,
        0.0,
        0.0,
        -154579.94231837802,
        9317.509902757592,
        15674.007299821824,
        -8.176400196219766E8,
        -3.705807975379104E11,
        -1.0844452085962843E12,
        177965.16534872353,
        -12222.227505844785
      ],
      [
        -22483.91836474184,
        7577.038413728587,
        0.0,
        9487.910065217875,
        0.0,
        0.0,
        0.0,
        0.0,
        -154688.85401787702,
        9083.627592190169,
        -8.176400196219766E8,
        16186.386928893626,
        31404.09513434861,
        -9.38030269474184E9,
        161328.93273606896,
        -12231.12969455542
      ],
      [
        -45591.639282065444,
        15642.450234736316,
        0.0,
        19086.008178419434,
        0.0,
        0.0,
        0.0,
        0.0,
        -313669.45593617857,
        18955.860650748946,
        -3.705807975379104E11,
        31404.09513434861,
        65248.89184220228,
        188259.7834628541,
        333504.98240906745,
        -24801.0652467201
      ],
      [
        -131876.64793804288,
        47541.08551423997,
        0.0,
        58120.2311150264,
        0.0,
        -1.084445152987273E12,
        0.0,
        0.0,
        -907308.3811381366,
        60256.41021551564,
        -1.0844452085962843E12,
        -9.38030269474184E9,
        188259.7834628541,
        525076.092017116,
        990618.1081896648,
        -71738.35452704225
      ],
      [
        -235956.16745296866,
        83245.52531121299,
        0.0,
        104164.74018711597,
        0.0,
        200689.7926912643,
        0.0,
        0.0,
        -1623373.1419197284,
        101329.5046868734,
        177965.16534872353,
        161328.93273606896,
        333504.98240906745,
        990618.1081896648,
        1780105.0475100055,
        -128355.75977078406
      ],
      [
        17597.478508832864,
        -6022.777324687922,
        0.0,
        -7640.786716365255,
        0.0,
        -15219.81663245242,
        0.0,
        9572.689268679824,
        121070.25753721246,
        -7264.231626322726,
        -12222.227505844785,
        -12231.12969455542,
        -24801.0652467201,
        -71738.35452704225,
        -128355.75977078406,
        9572.68744969042
      ]
    ]
  },
  {
    "index": 1,
    "name": "C3H3-1",
    "time": 3895,
    "datum": [
      52.1,
      0.0,
      0.0
    ],
    "hf": 258.6898719370638,
    "dipole": 0.6742124877029053,
    "ie": 17.1537498366599,
    "geomGradient": 573.3760222422212,
    "totalError": 42695.48443005366,
    "gradient": {
      "hf": [
        [
          -126.22131194716448,
          42.38867945935911,
          0.0,
          59.25379011935793,
          0.0,
          85.63834996465158,
          0.0,
          -69.1834052072043
        ],
        [
          -802.7602090398358,
          54.04119718327428,
          85.80432321342965,
          85.42420489245373,
          178.17789595514174,
          487.480828295816,
          843.366200530556,
          -69.1834052072043
        ]
      ],
      "geom": [
        [
          815.318109061991,
          -119.56937214563368,
          0.0,
          -57.936492794397054,
          0.0,
          1913.5272827952576,
          0.0,
          0.0
        ],
        [
          5245.505855100419,
          4548.478915467058,
          -382.3844122052833,
          122.67568990864675,
          -5.677112540070084,
          1706.4513042441831,
          1913.3628495637822,
          0.0
        ]
      ],
      "total": [
        [
          -52106.27592407065,
          17507.42501750417,
          0.0,
          24479.210324301075,
          0.0,
          35491.554229060035,
          0.0,
          -28585.18164385266
        ],
        [
          -331389.5081297996,
          22584.3109081212,
          35431.12178340043,
          35302.44434942738,
          73619.17841299622,
          201513.09072838863,
          348569.3442125306,
          -28585.18164385266
        ]
      ]
    },
    "hessian": [
      [
        91677.43133730255,
        -10700.69909474114,
        0.0,
        -3.3188244744051192E7,
        0.0,
        -21618.748796754517,
        0.0,
        17464.823395130225,
        202650.69731976837,
        -2.6764452690630426E9,
        -21660.647471435368,
        -21564.689523074776,
        -44979.65186601505,
        -123060.82004215568,
        -212901.37025061995,
        17464.823395130225
      ],
      [
        -10700.69909474114,
        3441.7063943692483,
        0.0,
        -3.31682469471707E7,
        0.0,
        6042.801396688446,
        0.0,
        -5865.1496146922,
        0.0,
        -2.676427112159108E9,
        7258.755504153669,
        7470.27421311941,
        14860.795199638233,
        36948.891647625715,
        66192.44057219476,
        -5865.1496146922
      ],
      [
        0.0,
        0.0,
        0.0,
        0.0,
        0.0,
        0.0,
        0.0,
        0.0,
        0.0,
        0.0,
        0.0,
        0.0,
        0.0,
        0.0,
        0.0,
        0.0
      ],
      [
        -3.3188244744051192E7,
        -3.31682469471707E7,
        0.0,
        -3.316845545843535E7,
        0.0,
        12787.548403139226,
        0.0,
        -8198.824725695886,
        0.0,
        0.0,
        0.0,
        10652.873825165443,
        22777.19060657546,
        55808.392353355885,
        98506.16566836834,
        -8198.824725695886
      ],
      [
        0.0,
        0.0,
        0.0,
        0.0,
        0.0,
        0.0,
        0.0,
        0.0,
        0.0,
        0.0,
        0.0,
        0.0,
        0.0,
        0.0,
        0.0,
        0.0
      ],
      [
        -21618.748796754517,
        6042.801396688446,
        0.0,
        12787.548403139226,
        0.0,
        283468.4266417753,
        0.0,
        -11849.481415993068,
        0.0,
        0.0,
        0.0,
        0.0,
        0.0,
        2.0151309243074348E12,
        143549.6745398268,
        -11849.481415993068
      ],
      [
        0.0,
        0.0,
        0.0,
        0.0,
        0.0,
        0.0,
        0.0,
        0.0,
        0.0,
        0.0,
        0.0,
        0.0,
        0.0,
        0.0,
        0.0,
        0.0
      ],
      [
        17464.823395130225,
        -5865.1496146922,
        0.0,
        -8198.824725695886,
        0.0,
        -11849.481415993068,
        0.0,
        9572.689268679824,
        0.0,
        0.0,
        0.0,
        0.0,
        0.0,
        0.0,
        0.0,
        9572.689268679824
      ],
      [
        202650.69731976837,
        0.0,
        0.0,
        0.0,
        0.0,
        0.0,
        0.0,
        0.0,
        1709022.7484004572,
        -2.676518391006539E9,
        -137760.5712332297,
        -137150.28362639714,
        -286068.2050231844,
        -782660.3003195487,
        -1354041.4423914626,
        111075.35221526632
      ],
      [
        -2.6764452690630426E9,
        -2.676427112159108E9,
        0.0,
        0.0,
        0.0,
        0.0,
        0.0,
        0.0,
        -2.676518391006539E9,
        -2.67642588631792E9,
        9227.790651493706,
        9537.272198940627,
        19094.871240668,
        41955.23739326745,
        85018.02396494895,
        -7477.3983578779735
      ],
      [
        -21660.647471435368,
        7258.755504153669,
        0.0,
        0.0,
        0.0,
        0.0,
        0.0,
        0.0,
        -137760.5712332297,
        9227.790651493706,
        14653.230682597496,
        14800.30085076578,
        7.361918145421217E11,
        2.0151309902583008E12,
        118262.62401882559,
        -11872.328213939909
      ],
      [
        -21564.689523074776,
        7470.27421311941,
        0.0,
        10652.873825165443,
        0.0,
        0.0,
        0.0,
        0.0,
        -137150.28362639714,
        9537.272198940627,
        14800.30085076578,
        13642.185731441714,
        7.361918149944673E11,
        88650.47944709659,
        147587.80831471086,
        -11819.894389191177
      ],
      [
        -44979.65186601505,
        14860.795199638233,
        0.0,
        22777.19060657546,
        0.0,
        0.0,
        0.0,
        0.0,
        -286068.2050231844,
        19094.871240668,
        7.361918145421217E11,
        7.361918149944673E11,
        61410.03192169592,
        170313.63095156848,
        298478.2576095313,
        -24653.892432979774
      ],
      [
        -123060.82004215568,
        36948.891647625715,
        0.0,
        55808.392353355885,
        0.0,
        2.0151309243074348E12,
        0.0,
        0.0,
        -782660.3003195487,
        41955.23739326745,
        2.0151309902583008E12,
        88650.47944709659,
        170313.63095156848,
        530884.4111277722,
        784339.1818460077,
        -67451.16519596195
      ],
      [
        -212901.37025061995,
        66192.44057219476,
        0.0,
        98506.16566836834,
        0.0,
        143549.6745398268,
        0.0,
        0.0,
        -1354041.4423914626,
        85018.02396494895,
        118262.62401882559,
        147587.80831471086,
        298478.2576095313,
        784339.1818460077,
        1309459.0045511723,
        -116693.89925373252
      ],
      [
        17464.823395130225,
        -5865.1496146922,
        0.0,
        -8198.824725695886,
        0.0,
        -11849.481415993068,
        0.0,
        9572.689268679824,
        111075.35221526632,
        -7477.3983578779735,
        -11872.328213939909,
        -11819.894389191177,
        -24653.892432979774,
        -67451.16519596195,
        -116693.89925373252,
        9572.685630701017
      ]
    ]
  },
  {
    "index": 2,
    "name": "C3H4-0",
    "time": 4384,
    "datum": [
      0.0,
      0.0,
      15.4
    ],
    "hf": 38.90935126921258,
    "dipole": 1.576064829748266E-9,
    "ie": 9.867919660584926,
    "geomGradient": 348.5157133560513,
    "totalError": 4580.280601285603,
    "gradient": {
      "hf": [
        [
          -170.4975063222724,
          55.536878559359934,
          0.0,
          88.259775563674,
          0.0,
          85.13976700679873,
          0.0,
          -92.2445402762724
        ],
        [
          -845.2061434376724,
          57.3121637605578,
          91.6275209724437,
          82.9551597745484,
          197.7632257668672,
          535.1472314558389,
          909.2549228830349,
          -69.1834052072043
        ]
      ],
      "ie": [
        [
          0.0,
          0.026347312734722135,
          0.0,
          -0.39155472251109136,
          0.0,
          1.0952632818626473,
          0.0,
          0.0
        ],
        [
          0.0,
          -0.01796222122354667,
          -0.14413208477804704,
          0.0730088502671989,
          -0.6814541277529025,
          -0.38457762047115196,
          -2.172994805719788,
          0.0
        ]
      ],
      "geom": [
        [
          60.16090253524453,
          39.35697861834342,
          0.0,
          -66.75011945844744,
          0.0,
          228.3220294430066,
          0.0,
          0.0
        ],
        [
          11082.61574700009,
          -361.7026578695004,
          -598.668639781863,
          243.33861063041695,
          -176.58921933616512,
          912.5915772756343,
          994.7711760105449,
          0.0
        ]
      ],
      "total": [
        [
          -26533.734688125758,
          8615.80879438862,
          0.0,
          14167.465058218204,
          0.0,
          12046.913746037364,
          0.0,
          -14356.700881106042
        ],
        [
          -131167.16927782563,
          8927.43634934596,
          14399.692400322088,
          12838.458758301085,
          31527.295750914232,
          83745.59844193145,
          143952.28907117315,
          -10767.525660829531
        ]
      ]
    },
    "hessian": [
      [
        147329.245119181,
        -37875.589478062466,
        0.0,
        -60192.27428623708,
        0.0,
        -58064.46002679877,
        0.0,
        62909.84354563989,
        576422.0416313037,
        -39086.316028260626,
        -62489.04259336996,
        -56574.5799758588,
        -134872.5198840839,
        4.0541509718997985E8,
        -620102.6614871807,
        47182.38264104002
      ],
      [
        -37875.589478062466,
        12219.172149343649,
        0.0,
        19753.332235268317,
        0.0,
        18360.547237534774,
        0.0,
        -20491.97961241589,
        0.0,
        12708.986523648491,
        20343.416636023903,
        18526.32018199074,
        43682.94576124754,
        4.058970189612592E8,
        199224.2192500271,
        -15368.98471385939
      ],
      [
        0.0,
        0.0,
        0.0,
        0.0,
        0.0,
        0.0,
        0.0,
        0.0,
        0.0,
        0.0,
        0.0,
        0.0,
        0.0,
        0.0,
        0.0,
        0.0
      ],
      [
        -60192.27428623708,
        19753.332235268317,
        0.0,
        29955.51552885445,
        0.0,
        31775.159059179714,
        0.0,
        -32565.94587583095,
        0.0,
        0.0,
        0.0,
        29477.4765643524,
        70908.95673172781,
        4.059685705052107E8,
        320428.7009430118,
        -24424.45940687321
      ],
      [
        0.0,
        0.0,
        0.0,
        0.0,
        0.0,
        0.0,
        0.0,
        0.0,
        0.0,
        0.0,
        0.0,
        0.0,
        0.0,
        0.0,
        0.0,
        0.0
      ],
      [
        -58064.46002679877,
        18360.547237534774,
        0.0,
        31775.159059179714,
        0.0,
        156398.6931432737,
        0.0,
        -1.435670402258389E11,
        0.0,
        0.0,
        0.0,
        0.0,
        0.0,
        8.378619172461401E11,
        3.400682788691484E8,
        -23561.083853564924
      ],
      [
        0.0,
        0.0,
        0.0,
        0.0,
        0.0,
        0.0,
        0.0,
        0.0,
        0.0,
        0.0,
        0.0,
        0.0,
        0.0,
        0.0,
        0.0,
        0.0
      ],
      [
        62909.84354563989,
        -20491.97961241589,
        0.0,
        -32565.94587583095,
        0.0,
        -1.435670402258389E11,
        0.0,
        34036.228498735,
        0.0,
        0.0,
        0.0,
        0.0,
        0.0,
        0.0,
        0.0,
        25527.171364956303
      ],
      [
        576422.0416313037,
        0.0,
        0.0,
        0.0,
        0.0,
        0.0,
        0.0,
        0.0,
        3025620.5855403095,
        -193762.35868548974,
        -309776.4863741759,
        -280456.69892890146,
        -668602.4367445498,
        4.039708228023665E8,
        -3074029.5743453316,
        233896.92896671477
      ],
      [
        -39086.316028260626,
        12708.986523648491,
        0.0,
        0.0,
        0.0,
        0.0,
        0.0,
        0.0,
        -193762.35868548974,
        13108.041403029347,
        20988.25249049696,
        19117.631745757535,
        45271.43253653776,
        4.05898526441888E8,
        206197.99382984638,
        -15860.2526607865
      ],
      [
        -62489.04259336996,
        20343.416636023903,
        0.0,
        0.0,
        0.0,
        0.0,
        0.0,
        0.0,
        -309776.4863741759,
        20988.25249049696,
        -2.0443896828764993E8,
        6.382998901429871E10,
        3.152730299105312E11,
        8.378619603145085E11,
        1.439523213560497E12,
        -1.0767528196470699E11
      ],
      [
        -56574.5799758588,
        18526.32018199074,
        0.0,
        29477.4765643524,
        0.0,
        0.0,
        0.0,
        0.0,
        -280456.69892890146,
        19117.631745757535,
        6.382998901429871E10,
        27171.200217708247,
        3.152730232809745E11,
        8.378619438994957E11,
        302969.62562715635,
        -22956.532302487176
      ],
      [
        -134872.5198840839,
        43682.94576124754,
        0.0,
        70908.95673172781,
        0.0,
        0.0,
        0.0,
        0.0,
        -668602.4367445498,
        45271.43253653776,
        3.152730299105312E11,
        3.152730232809745E11,
        155336.76807535812,
        4.062020424648654E8,
        719021.9828044064,
        -54727.75184898637
      ],
      [
        4.0541509718997985E8,
        4.058970189612592E8,
        0.0,
        4.059685705052107E8,
        0.0,
        8.378619172461401E11,
        0.0,
        0.0,
        4.039708228023665E8,
        4.05898526441888E8,
        8.378619603145085E11,
        8.378619438994957E11,
        4.062020424648654E8,
        4.0694700534135336E8,
        1934140.8665059134,
        -148093.22889050236
      ],
      [
        -620102.6614871807,
        199224.2192500271,
        0.0,
        320428.7009430118,
        0.0,
        3.400682788691484E8,
        0.0,
        0.0,
        -3074029.5743453316,
        206197.99382984638,
        1.439523213560497E12,
        302969.62562715635,
        719021.9828044064,
        1934140.8665059134,
        3264609.3555376865,
        -251621.4053684962
      ],
      [
        47182.38264104002,
        -15368.98471385939,
        0.0,
        -24424.45940687321,
        0.0,
        -23561.083853564924,
        0.0,
        25527.171364956303,
        233896.92896671477,
        -15860.2526607865,
        -1.0767528196470699E11,
        -22956.532302487176,
        -54727.75184898637,
        -148093.22889050236,
        -251621.4053684962,
        19145.37489938084
      ]
    ]
  },
  {
    "index": 3,
    "name": "C3H4-0",
    "time": 5334,
    "datum": [
      430.6,
      0.0,
      0.0
    ],
    "hf": 61.71424007248093,
    "dipole": 0.49485498137615674,
    "ie": 9.644627584632586,
    "geomGradient": 0.0,
    "totalError": 136076.70387730323,
    "gradient": {
      "hf": [
        [
          -172.72369025296524,
          56.369556768474176,
          0.0,
          86.25197652016475,
          0.0,
          98.07082498327554,
          0.0,
          -92.2445402762724
        ],
        [
          -897.4912008454814,
          56.15411651021444,
          91.26780651003439,
          84.48497027980463,
          198.2412143051203,
          571.9057270133043,
          948.5047373478473,
          -69.1834052072043
        ]
      ],
      "total": [
        [
          127430.619472901,
          -41587.85357063205,
          0.0,
          -63634.25180778301,
          0.0,
          -72353.86160134865,
          0.0,
          68055.39467795477
        ],
        [
          662143.4473042941,
          -41428.9078838578,
          -67334.78832274361,
          -62330.60492823919,
          -146256.72197579694,
          -421935.75743240607,
          -699779.781662825,
          51041.54600846608
        ]
      ]
    },
    "hessian": [
      [
        -88903.79525837488,
        -19472.715648589656,
        0.0,
        -29795.5192218069,
        0.0,
        -33878.3094775863,
        0.0,
        31865.63466442749,
        310035.9835661948,
        -19398.292351979762,
        -31528.22464471683,
        -29185.111488914117,
        -68481.90794698894,
        -197563.3343681693,
        -327658.47514383495,
        23899.225998320617
      ],
      [
        -19472.715648589656,
        6753.8170696934685,
        0.0,
        9416.693865205161,
        0.0,
        13881.21847412549,
        0.0,
        -10399.569000583142,
        0.0,
        6472.437962656841,
        10296.348336851224,
        9008.24619748164,
        23173.33623068407,
        74606.11872375011,
        118114.4779548049,
        -7799.676823196933
      ],
      [
        0.0,
        0.0,
        0.0,
        0.0,
        0.0,
        0.0,
        0.0,
        0.0,
        0.0,
        0.0,
        0.0,
        0.0,
        0.0,
        0.0,
        0.0,
        0.0
      ],
      [
        -29795.5192218069,
        9416.693865205161,
        0.0,
        20194.76014538668,
        0.0,
        9858.174016699195,
        0.0,
        -15912.59686392732,
        0.0,
        0.0,
        0.0,
        13637.571755680256,
        29818.055627401918,
        100135.48948336393,
        170696.72932848334,
        -11934.447684325278
      ],
      [
        0.0,
        0.0,
        0.0,
        0.0,
        0.0,
        0.0,
        0.0,
        0.0,
        0.0,
        0.0,
        0.0,
        0.0,
        0.0,
        0.0,
        0.0,
        0.0
      ],
      [
        -33878.3094775863,
        13881.21847412549,
        0.0,
        9858.174016699195,
        0.0,
        -621323.352388572,
        0.0,
        -18093.169201165438,
        0.0,
        0.0,
        0.0,
        0.0,
        0.0,
        256510.41534729302,
        168178.61469462514,
        -13569.876900874078
      ],
      [
        0.0,
        0.0,
        0.0,
        0.0,
        0.0,
        0.0,
        0.0,
        0.0,
        0.0,
        0.0,
        0.0,
        0.0,
        0.0,
        0.0,
        0.0,
        0.0
      ],
      [
        31865.63466442749,
        -10399.569000583142,
        0.0,
        -15912.59686392732,
        0.0,
        -18093.169201165438,
        0.0,
        17018.114303937182,
        0.0,
        0.0,
        0.0,
        0.0,
        0.0,
        0.0,
        0.0,
        12763.585691573098
      ],
      [
        310035.9835661948,
        0.0,
        0.0,
        0.0,
        0.0,
        0.0,
        0.0,
        0.0,
        714586.1210301518,
        -100795.6392277265,
        -163824.087503599,
        -151649.01720709167,
        -355839.44962127134,
        -1026560.595491901,
        -1702549.1129606962,
        124182.98036209308
      ],
      [
        -19398.292351979762,
        6472.437962656841,
        0.0,
        0.0,
        0.0,
        0.0,
        0.0,
        0.0,
        -100795.6392277265,
        6527.1005587419495,
        10364.514455432072,
        8887.274889275432,
        22761.010914109647,
        85495.63644919544,
        119157.48822502792,
        -7769.901203573681
      ],
      [
        -31528.22464471683,
        10296.348336851224,
        0.0,
        0.0,
        0.0,
        0.0,
        0.0,
        0.0,
        -163824.087503599,
        10364.514455432072,
        16904.419026104733,
        15060.128062032163,
        36590.43926745653,
        108177.44536325336,
        222705.44664934278,
        -12628.536351257935
      ],
      [
        -29185.111488914117,
        9008.24619748164,
        0.0,
        13637.571755680256,
        0.0,
        0.0,
        0.0,
        0.0,
        -151649.01720709167,
        8887.274889275432,
        15060.128062032163,
        16220.124816754833,
        32489.736622665077,
        86280.45266959816,
        152229.0939465165,
        -11690.213941619731
      ],
      [
        -68481.90794698894,
        23173.33623068407,
        0.0,
        29818.055627401918,
        0.0,
        0.0,
        0.0,
        0.0,
        -355839.44962127134,
        22761.010914109647,
        36590.43926745653,
        32489.736622665077,
        83987.4817756936,
        235631.2208576128,
        377037.6986358315,
        -27430.25434028823
      ],
      [
        -197563.3343681693,
        74606.11872375011,
        0.0,
        100135.48948336393,
        0.0,
        256510.41534729302,
        0.0,
        0.0,
        -1026560.595491901,
        85495.63644919544,
        108177.44536325336,
        86280.45266959816,
        235631.2208576128,
        576463.4709339589,
        1174545.071553439,
        -79132.563987514
      ],
      [
        -327658.47514383495,
        118114.4779548049,
        0.0,
        170696.72932848334,
        0.0,
        168178.61469462514,
        0.0,
        0.0,
        -1702549.1129606962,
        119157.48822502792,
        222705.44664934278,
        152229.0939465165,
        377037.6986358315,
        1174545.071553439,
        1973138.2629834116,
        -131241.6107248282
      ],
      [
        23899.225998320617,
        -7799.676823196933,
        0.0,
        -11934.447684325278,
        0.0,
        -13569.876900874078,
        0.0,
        12763.585691573098,
        124182.98036209308,
        -7769.901203573681,
        -12628.536351257935,
        -11690.213941619731,
        -27430.25434028823,
        -79132.563987514,
        -131241.6107248282,
        9572.687413310632
      ]
    ]
  },
  {
    "index": 4,
    "name": "C3H4-0",
    "time": 4338,
    "datum": [
      170.9,
      0.0,
      0.0
    ],
    "hf": 34.860826458247345,
    "dipole": 0.04952609818838708,
    "ie": 10.529413756406312,
    "geomGradient": 688.6623489241745,
    "totalError": 18529.89527363356,
    "gradient": {
      "hf": [
        [
          -171.92446041808347,
          55.239337727799686,
          0.0,
          88.96164912849746,
          0.0,
          82.21454449769027,
          0.0,
          -92.2445402762724
        ],
        [
          -840.1522814858441,
          56.784282621646646,
          93.3532446225707,
          82.9998416405616,
          197.0166703360306,
          527.274854356309,
          911.6576999062121,
          -69.1834052072043
        ]
      ],
      "geom": [
        [
          -1332.7454155387386,
          131.4535063556832,
          0.0,
          -63.11292395366763,
          0.0,
          -1617.1911431683839,
          0.0,
          0.0
        ],
        [
          10643.556104241725,
          -218.1428601488733,
          -682.8299262906512,
          211.76427935643005,
          -148.65710340927762,
          2753.7931737242616,
          1068.7198198411352,
          0.0
        ]
      ],
      "total": [
        [
          46686.977478114175,
          -15020.556049082054,
          0.0,
          -24208.797871161176,
          0.0,
          -22477.93984098361,
          0.0,
          25097.74204584603
        ],
        [
          229305.5660471744,
          -15464.495979918409,
          -25445.479939364763,
          -22568.16798132479,
          -53614.00271882485,
          -143274.22033176466,
          -247970.1933604881,
          18823.306534384523
        ]
      ]
    },
    "hessian": [
      [
        3827.3959944490343,
        3.537074130455949E7,
        0.0,
        -30589.379093726166,
        0.0,
        -28269.393551454414,
        0.0,
        31718.198115413543,
        288885.5690252967,
        -5.540266634698128E7,
        -32099.425043270458,
        -28539.417216961738,
        -67743.99618734606,
        -181302.9611366801,
        -313472.6395364851,
        23788.64857746521
      ],
      [
        3.537074130455949E7,
        3.539605821217265E7,
        0.0,
        9587.459680915345,
        0.0,
        10491.719949641265,
        0.0,
        -10191.08200125629,
        0.0,
        -5.537682730298912E7,
        10335.05868690554,
        8988.100016722456,
        22188.768125488423,
        61602.87884995341,
        105698.16746283323,
        -7643.311510037165
      ],
      [
        0.0,
        0.0,
        0.0,
        0.0,
        0.0,
        0.0,
        0.0,
        0.0,
        0.0,
        0.0,
        0.0,
        0.0,
        0.0,
        0.0,
        0.0,
        0.0
      ],
      [
        -30589.379093726166,
        9587.459680915345,
        0.0,
        18019.47750209365,
        0.0,
        11105.375706392806,
        0.0,
        -16412.203549407423,
        0.0,
        0.0,
        0.0,
        14442.097854043823,
        33187.2385868337,
        94573.86011490598,
        163191.7362101376,
        -12309.152662055567
      ],
      [
        0.0,
        0.0,
        0.0,
        0.0,
        0.0,
        0.0,
        0.0,
        0.0,
        0.0,
        0.0,
        0.0,
        0.0,
        0.0,
        0.0,
        0.0,
        0.0
      ],
      [
        -28269.393551454414,
        10491.719949641265,
        0.0,
        11105.375706392806,
        0.0,
        -216249.69922413584,
        0.0,
        -15167.530400503892,
        0.0,
        0.0,
        0.0,
        0.0,
        0.0,
        134546.37955874205,
        152405.4864421487,
        -11375.647809472866
      ],
      [
        0.0,
        0.0,
        0.0,
        0.0,
        0.0,
        0.0,
        0.0,
        0.0,
        0.0,
        0.0,
        0.0,
        0.0,
        0.0,
        0.0,
        0.0,
        0.0
      ],
      [
        31718.198115413543,
        -10191.08200125629,
        0.0,
        -16412.203549407423,
        0.0,
        -15167.530400503892,
        0.0,
        17018.111793731805,
        0.0,
        0.0,
        0.0,
        0.0,
        0.0,
        0.0,
        0.0,
        12763.583836203907
      ],
      [
        288885.5690252967,
        0.0,
        0.0,
        0.0,
        0.0,
        0.0,
        0.0,
        0.0,
        1122455.9458787553,
        -5.5478556014604695E7,
        -156861.88355175545,
        -139465.01323516713,
        -331048.01157605834,
        -885982.3475359008,
        -1531862.5993677415,
        116249.1919239983
      ],
      [
        -5.540266634698128E7,
        -5.537682730298912E7,
        0.0,
        0.0,
        0.0,
        0.0,
        0.0,
        0.0,
        -5.5478556014604695E7,
        -5.537663586708732E7,
        10630.850083543919,
        9247.612761100754,
        22497.151658171788,
        67138.30691296607,
        107440.03404397517,
        -7856.746669858694
      ],
      [
        -32099.425043270458,
        10335.05868690554,
        0.0,
        0.0,
        0.0,
        0.0,
        0.0,
        0.0,
        -156861.88355175545,
        10630.850083543919,
        17482.495240983553,
        15403.20099593373,
        -5.361399902315504E11,
        1.858603976724553E9,
        188451.8121369183,
        -12917.05611947691
      ],
      [
        -28539.417216961738,
        8988.100016722456,
        0.0,
        14442.097854043823,
        0.0,
        0.0,
        0.0,
        0.0,
        -139465.01323516713,
        9247.612761100754,
        15403.20099593373,
        14400.660038518254,
        32406.161190010607,
        84284.37693510205,
        149036.88832418993,
        -11484.15743955411
      ],
      [
        -67743.99618734606,
        22188.768125488423,
        0.0,
        33187.2385868337,
        0.0,
        0.0,
        0.0,
        0.0,
        -331048.01157605834,
        22497.151658171788,
        -5.361399902315504E11,
        32406.161190010607,
        79794.83481904026,
        210244.04268246144,
        360528.8197286427,
        -27260.553833912127
      ],
      [
        -181302.9611366801,
        61602.87884995341,
        0.0,
        94573.86011490598,
        0.0,
        134546.37955874205,
        0.0,
        0.0,
        -885982.3475359008,
        67138.30691296607,
        1.858603976724553E9,
        84284.37693510205,
        210244.04268246144,
        509073.13940115273,
        983984.0207132511,
        -72957.45530427666
      ],
      [
        -313472.6395364851,
        105698.16746283323,
        0.0,
        163191.7362101376,
        0.0,
        152405.4864421487,
        0.0,
        0.0,
        -1531862.5993677415,
        107440.03404397517,
        188451.8121369183,
        149036.88832418993,
        360528.8197286427,
        983984.0207132511,
        1737267.9489199072,
        -126143.3489707997
      ],
      [
        23788.64857746521,
        -7643.311510037165,
        0.0,
        -12309.152662055567,
        0.0,
        -11375.647809472866,
        0.0,
        12763.583836203907,
        116249.1919239983,
        -7856.746669858694,
        -12917.05611947691,
        -11484.15743955411,
        -27260.553833912127,
        -72957.45530427666,
        -126143.3489707997,
        9572.685594321229
      ]
    ]
  },
  {
    "index": 5,
    "name": "C3H5-1",
    "time": 5096,
    "datum": [
      142.4,
      0.0,
      0.0
    ],
    "hf": 211.60684522420595,
    "dipole": 1.0248288030854813,
    "ie": 17.349614654209372,
    "geomGradient": 326.8858226888707,
    "totalError": 4794.823288599872,
    "gradient": {
      "hf": [
        [
          -211.7645966082238,
          69.76054902727262,
          0.0,
          103.79734025905788,
          0.0,
          114.46294181186897,
          0.0,
          -115.3056753453405
        ],
        [
          -813.0339827170429,
          56.89040187280963,
          89.52286855063349,
          86.05661418205459,
          179.12420666397722,
          572.2850075557014,
          896.5265047363531,
          -69.1834052072043
        ]
      ],
      "geom": [
        [
          -116.71975585159089,
          -133.924895067139,
          0.0,
          642.076140024983,
          0.0,
          2191.8794379871542,
          0.0,
          0.0
        ],
        [
          3287.9440152555617,
          -92.3430980037665,
          2848.864768338899,
          122.16743357384985,
          -343.6421650349075,
          144.91092713342368,
          831.3028854445292,
          0.0
        ]
      ],
      "total": [
        [
          -29314.858418138232,
          9651.524779920925,
          0.0,
          14387.541711537293,
          0.0,
          15913.454638468098,
          0.0,
          -15959.88405419504
        ],
        [
          -112429.70534396684,
          7871.452280651887,
          12482.453458966977,
          11915.327167032216,
          24782.233981325957,
          79216.72207818991,
          124118.17273588026,
          -9575.930432517023
        ]
      ]
    },
    "hessian": [
      [
        4.463733393212897E8,
        -29545.631859946297,
        0.0,
        -2.4870891995404238E8,
        0.0,
        -48478.402004548116,
        0.0,
        48835.324287210824,
        344343.6595262028,
        -2.736181571232919E7,
        -9.676018228229442E8,
        -36447.491838771384,
        1.1385029561392003E8,
        -242379.43056505173,
        -1843114.407529356,
        29301.194572326494
      ],
      [
        -29545.631859946297,
        9635.833121137694,
        0.0,
        -2.4865043275283825E8,
        0.0,
        15185.277043201495,
        0.0,
        -16087.661388155539,
        0.0,
        -2.7329810697119683E7,
        -9.675514174014461E8,
        12112.963286199374,
        1.1395100151166844E8,
        77787.57921187207,
        -1341382.5939642265,
        -9652.596836531302
      ],
      [
        0.0,
        0.0,
        0.0,
        0.0,
        0.0,
        0.0,
        0.0,
        0.0,
        0.0,
        0.0,
        0.0,
        0.0,
