[{"index":0,"name":"C1H4 0","time":3533,"datum":[365.7,0.0,0.0],"hf":-11.132582467601184,"dipole":2.5181483125083677E-10,"ie":13.519858009571736,"geomGradient":35.281166287666956,"totalError":142002.8562024755,"gradient":{"hf":[[-168.0356854029703,53.283585026495494,0.0,94.88779953652761,0.0,45.67305675541941,0.0,-92.2445402762724],[-223.76939572139116,23.12805587788887,34.20590620035278,26.57650234073628,63.02477867528097,252.01708360608572,303.4655926620081,-23.0611350690681]],"geom":[[-3239.3121581009154,386.96838352336727,0.0,6.978317088623953,0.0,-4450.344704096665,0.0,0.0],[-3352.8076833277964,199.92342508601268,163.40931935587832,-87.26715051921019,80.28866780307453,-278.04966471478565,-1364.3156610498863,0.0]],"total":[[126631.44245656044,-40156.64393313566,0.0,-71513.60496012526,0.0,-34437.57916111921,0.0,69521.49666168875],[168635.60601920303,-17430.118801742377,-25779.23494165276,-20030.08575094299,-47499.302612881955,-189937.45825428207,-228716.16314124648,17380.37416542219]]},"hessian":[[-91486.5598315373,-17907.086585182697,0.0,-31889.071251498535,0.0,-15349.406021414325,0.0,31000.74754911475,75202.48385844752,-7772.6770541630685,-11495.625185489189,-8931.601150834467,-21180.822732276283,-84695.7226167433,-101986.0923406668,7750.186887278687],[-17907.086585182697,6595.1661235885695,0.0,8911.708137020469,0.0,8531.053681508638,0.0,-9830.457129282877,0.0,2541.273570386693,3720.256208907813,2343.302548979409,8405.904300161637,34867.92265903205,47131.260798778385,-2457.614282320719],[0.0,0.0,0.0,0.0,0.0,0.0,0.0,0.0,0.0,0.0,0.0,0.0,0.0,0.0,0.0,0.0],[-31889.071251498535,8911.708137020469,0.0,24515.457917004824,0.0,-2489.1395878512412,0.0,-17505.977011751384,0.0,0.0,0.0,4474.573834158946,6021.922963554971,48687.52206675708,59771.1285809055,-4376.494252937846],[0.0,0.0,0.0,0.0,0.0,0.0,0.0,0.0,0.0,0.0,0.0,0.0,0.0,0.0,0.0,0.0],[-15349.406021414325,8531.053681508638,0.0,-2489.1395878512412,0.0,-617804.9585287226,0.0,-8426.380954915658,0.0,0.0,0.0,0.0,0.0,167774.95970018208,24833.32878910005,-2106.5952387289144],[0.0,0.0,0.0,0.0,0.0,0.0,0.0,0.0,0.0,0.0,0.0,0.0,0.0,0.0,0.0,0.0],[31000.74754911475,-9830.457129282877,0.0,-17505.977011751384,0.0,-8426.380954915658,0.0,17018.110665958375,0.0,0.0,0.0,0.0,0.0,0.0,0.0,4254.527666489594],[75202.48385844752,0.0,0.0,0.0,0.0,0.0,0.0,0.0,-84213.75212492421,-10350.701813877095,-15308.469410229009,-11894.0153697622,-28206.03236614261,-112787.4173107557,-135812.61999206617,10320.7521897275],[-7772.6770541630685,2541.273570386693,0.0,0.0,0.0,0.0,0.0,0.0,-10350.701813877095,1083.5150533239357,1582.2299974388443,1142.2006355132908,2913.552016252652,18951.910024043173,14108.207251410931,-1066.7730748536997],[-11495.625185489189,3720.256208907813,0.0,0.0,0.0,0.0,0.0,0.0,-15308.469410229009,1582.2299974388443,2351.834555156529,1818.7418027082458,4574.729246087372,17245.51955703646,35574.74759873003,-1577.7087901369669],[-8931.601150834467,2343.302548979409,0.0,4474.573834158946,0.0,0.0,0.0,0.0,-11894.0153697622,1142.2006355132908,1818.7418027082458,1969.7259267559275,3362.105999258347,12446.20158104226,15681.307704653591,-1225.819178216625],[-21180.822732276283,8405.904300161637,0.0,6021.922963554971,0.0,0.0,0.0,0.0,-28206.03236614261,2913.552016252652,4574.729246087372,3362.105999258347,13871.174887754023,31856.821733526886,36521.838628686965,-2906.9008814985864],[-84695.7226167433,34867.92265903205,0.0,48687.52206675708,0.0,167774.95970018208,0.0,0.0,-112787.4173107557,18951.910024043173,17245.51955703646,12446.20158104226,31856.821733526886,103817.25034676492,171149.37043515965,-11623.654245340731],[-101986.0923406668,47131.260798778385,0.0,59771.1285809055,0.0,24833.32878910005,0.0,0.0,-135812.61999206617,14108.207251410931,35574.74759873003,15681.307704653591,36521.838628686965,171149.37043515965,212963.57648679987,-13996.57667207066],[7750.186887278687,-2457.614282320719,0.0,-4376.494252937846,0.0,-2106.5952387289144,0.0,4254.527666489594,10320.7521897275,-1066.7730748536997,-1577.7087901369669,-1225.819178216625,-2906.9008814985864,-11623.654245340731,-13996.57667207066,1063.6321530910209]]},{"index":1,"name":"C2H4 0","time":778,"datum":[52.1,0.0,0.0],"hf":13.360932942637632,"dipole":2.1159081465401581E-10,"ie":10.177246243857928,"geomGradient":277.4413344844955,"totalError":1504.4870274847647,"gradient":{"hf":[[-170.9179071717154,55.47524491519118,0.0,89.5094062457847,0.0,77.66044539015822,0.0,-92.2445402762724],[-523.084014310324,39.755291640273796,61.68327277233043,55.708003694330266,131.51621088870226,387.7993959733653,590.3241663236088,-46.1222701381362]],"geom":[[512.8466159476375,10.710710967032355,0.0,-69.30533118065796,0.0,770.4946682451919,0.0,0.0],[10088.639775744923,-311.5352990334941,-573.404067267802,200.35128102335875,-131.04276376907364,2065.1696360118876,523.744176348373,0.0]],"total":[[13256.344449710647,-4297.827249379875,0.0,-6936.906141670113,0.0,-5996.037230588764,0.0,7146.934862876161],[40801.875970890454,-3088.6362288472105,-4794.695307472684,-4310.704780269168,-10193.19358006225,-29989.823195697943,-45722.974717828605,3573.4674314380804]]},"hessian":[[42902.57182219648,-18963.424181492883,0.0,-30597.518616559682,0.0,-26547.119714450673,0.0,31532.485318166437,178808.837372344,-13589.781533482892,-21085.55028826231,-19042.98946101335,-44956.94787692628,-132563.71294119162,-201793.92784484662,15766.242659083218],[-18963.424181492883,6203.875000210246,0.0,9891.610752674751,0.0,8831.373997963965,0.0,-10234.449091512943,0.0,4421.6989817869035,6844.529443696956,6134.097511676373,14677.638973807916,43930.36335386569,66876.53127301019,-5117.224545756471],[0.0,0.0,0.0,0.0,0.0,0.0,0.0,0.0,0.0,0.0,0.0,0.0,0.0,0.0,0.0,0.0],[-30597.518616559682,9891.610752674751,0.0,16568.994224144262,0.0,13277.495781949256,0.0,-16513.138689333573,0.0,0.0,0.0,9886.56196568627,23083.85996002471,69551.85992410406,106110.27100821957,-8256.569344666786],[0.0,0.0,0.0,0.0,0.0,0.0,0.0,0.0,0.0,0.0,0.0,0.0,0.0,0.0,0.0,0.0],[-26547.119714450673,8831.373997963965,0.0,13277.495781949256,0.0,-58497.67905601766,0.0,-14327.255566968233,0.0,0.0,0.0,0.0,0.0,72236.22873425484,90957.12404814549,-7163.627783484117],[0.0,0.0,0.0,0.0,0.0,0.0,0.0,0.0,0.0,0.0,0.0,0.0,0.0,0.0,0.0,0.0],[31532.485318166437,-10234.449091512943,0.0,-16513.138689333573,0.0,-14327.255566968233,0.0,17018.109410855686,0.0,0.0,0.0,0.0,0.0,0.0,0.0,8509.054705427843],[178808.837372344,0.0,0.0,0.0,0.0,0.0,0.0,0.0,496720.8105517784,-41590.71495905664,-64531.067673669895,-58279.932227378595,-137588.0546584085,-405703.328360687,-617578.2674836228,48251.644279844186],[-13589.781533482892,4421.6989817869035,0.0,0.0,0.0,0.0,0.0,0.0,-41590.71495905664,3171.2835107100545,4909.743583993986,4395.883897814201,10479.527154529933,32253.71277949307,47487.95516206883,-3667.203427539789],[-21085.55028826231,6844.529443696956,0.0,0.0,0.0,0.0,0.0,0.0,-64531.067673669895,4909.743583993986,7620.928472533706,6857.014659544802,16253.719822998391,47946.67180249235,76117.9011897184,-5689.920667464321],[-19042.98946101335,6134.097511676373,0.0,9886.56196568627,0.0,0.0,0.0,0.0,-58279.932227378595,4395.883897814201,6857.014659544802,6329.815223580226,14615.184718422825,42647.46301487321,65397.07894262392,-5138.569513292168],[-44956.94787692628,14677.638973807916,0.0,23083.85996002471,0.0,0.0,0.0,0.0,-137588.0546584085,10479.527154529933,16253.719822998391,14615.184718422825,35088.93789330614,102429.24636258977,155209.1015764745,-12131.350513300276],[-132563.71294119162,43930.36335386569,0.0,69551.85992410406,0.0,72236.22873425484,0.0,0.0,-405703.328360687,32253.71277949307,47946.67180249235,42647.46301487321,102429.24636258977,294415.89686030056,463157.5864914339,-35772.06804493471],[-201793.92784484662,66876.53127301019,0.0,106110.27100821957,0.0,90957.12404814549,0.0,0.0,-617578.2674836228,47487.95516206883,76117.9011897184,65397.07894262392,155209.1015764745,463157.5864914339,707696.7172179138,-54454.180285574694],[15766.242659083218,-5117.224545756471,0.0,-8256.569344666786,0.0,-7163.627783484117,0.0,8509.054705427843,48251.644279844186,-3667.203427539789,-5689.920667464321,-5138.569513292168,-12131.350513300276,-35772.06804493471,-54454.180285574694,4254.528557794401]]}]