[
  {
    "index": 0,
    "name": "C1H1-0",
    "time": 1643,
    "datum": [
      365.7,
      0.0,
      0.0
    ],
    "hf": 144.2584878759595,
    "dipole": 1.0390786363842288,
    "ie": 9.339792058751462,
    "geomGradient": 0.0,
    "totalError": 49036.343291781566,
    "gradient": {
      "hf": [
        [
          -40.86070873654535,
          12.423071780176542,
          0.0,
          25.227686819562223,
          0.0,
          -27.693670006101456,
          0.0,
          -23.061133731516748
        ],
        [
          -45.87590836990785,
          4.686104944084946,
          7.736953762105259,
          42.03382900413999,
          48.044106506495154,
          55.998658865519246,
          76.62105616645931,
          -23.061133731516748
        ]
      ],
      "total": [
        [
          18096.514258161187,
          -5501.967600455578,
          0.0,
          -11172.91423343117,
          0.0,
          12265.056324830584,
          0.0,
          10213.38464960357
        ],
        [
          20317.66103899264,
          -2075.396329580225,
          -3426.5654806287444,
          -18616.06931008022,
          -21277.91918689348,
          -24800.855392197776,
          -33934.16507608358,
          10213.38464960357
        ]
      ]
    },
    "hessian": [
      [
        2080.4457381018437,
        -2273.9803262084024,
        0.0,
        -3320.3916063939687,
        0.0,
        1004.4166810985189,
        0.0,
        1884.5885460905265,
        3749.044262804091,
        -382.9551405942766,
        -1891.0241169578512,
        -4693.81338916719,
        -5184.981746424455,
        -5835.03904636018,
        -7520.330545958132,
        1884.5885460905265
      ],
      [
        -2273.9803262084024,
        -29901.316711402615,
        0.0,
        -116436.87004834646,
        0.0,
        -30898.063032509526,
        0.0,
        -572.98024330521,
        0.0,
        116.43163361441111,
        -58968.98155242525,
        -58116.836480621714,
        86788.66015543463,
        -115672.3300300655,
        -28306.244348641485,
        -572.98024330521
      ],
      [
        0.0,
        0.0,
        0.0,
        0.0,
        0.0,
        0.0,
        0.0,
        0.0,
        0.0,
        0.0,
        0.0,
        0.0,
        0.0,
        0.0,
        0.0,
        0.0
      ],
      [
        -3320.3916063939687,
        -116436.87004834646,
        0.0,
        -56629.59305482218,
        0.0,
        -31607.27643262362,
        0.0,
        -1163.558117696084,
        0.0,
        0.0,
        0.0,
        -142635.33099438064,
        -55478.382055298425,
        -143189.47953142924,
        -25085.28865291737,
        -1163.558117696084
      ],
      [
        0.0,
        0.0,
        0.0,
        0.0,
        0.0,
        0.0,
        0.0,
        0.0,
        0.0,
        0.0,
        0.0,
        0.0,
        0.0,
        0.0,
        0.0,
        0.0
      ],
      [
        1004.4166810985189,
        -30898.063032509526,
        0.0,
        -31607.27643262362,
        0.0,
        -202383.50438376074,
        0.0,
        1277.2948502970394,
        0.0,
        0.0,
        0.0,
        0.0,
        0.0,
        -33311.599436274264,
        -63405.0525695784,
        1277.2948502970394
      ],
      [
        0.0,
        0.0,
        0.0,
        0.0,
        0.0,
        0.0,
        0.0,
        0.0,
        0.0,
        0.0,
        0.0,
        0.0,
        0.0,
        0.0,
        0.0,
        0.0
      ],
      [
        1884.5885460905265,
        -572.98024330521,
        0.0,
        -1163.558117696084,
        0.0,
        1277.2948502970394,
        0.0,
        1063.6317892931402,
        0.0,
        0.0,
        0.0,
        0.0,
        0.0,
        0.0,
        0.0,
        1063.6317892931402
      ],
      [
        3749.044262804091,
        0.0,
        0.0,
        0.0,
        0.0,
        0.0,
        0.0,
        0.0,
        4209.197941236198,
        -429.9586407796596,
        -709.8795640558819,
        -3856.6801595152356,
        -4408.134045661427,
        -5137.9786600591615,
        -7030.121050775051,
        2115.9009156690445
      ],
      [
        -382.9551405942766,
        116.43163361441111,
        0.0,
        0.0,
        0.0,
        0.0,
        0.0,
        0.0,
        -429.9586407796596,
        -86809.77978201554,
        -115732.41956739366,
        -28557.283112604637,
        -86403.41948193964,
        -57377.63476645341,
        -86135.59031800833,
        -216.1337761208415
      ],
      [
        -1891.0241169578512,
        -58968.98155242525,
        0.0,
        0.0,
        0.0,
        0.0,
        0.0,
        0.0,
        -709.8795640558819,
        -115732.41956739366,
        -87992.72717624262,
        -58510.787566774525,
        -145271.4838887914,
        -145148.39585899608,
        -86926.82087712456,
        -356.8458487279713
      ],
      [
        -4693.81338916719,
        -58116.836480621714,
        0.0,
        -142635.33099438064,
        0.0,
        0.0,
        0.0,
        0.0,
        -3856.6801595152356,
        -28557.283112604637,
        -58510.787566774525,
        -200383.69111716747,
        -199878.42115369858,
        -199209.70054954523,
        -139573.55891761836,
        -1938.6954954825342
      ],
      [
        -5184.981746424455,
        86788.66015543463,
        0.0,
        -55478.382055298425,
        0.0,
        0.0,
        0.0,
        0.0,
        -4408.134045661427,
        -86403.41948193964,
        -145271.4838887914,
        -199878.42115369858,
        -141398.43893644866,
        -111682.86782776704,
        -196554.99570944812,
        -2215.9031323099043
      ],
      [
        -5835.03904636018,
        -115672.3300300655,
        0.0,
        -143189.47953142924,
        0.0,
        -33311.599436274264,
        0.0,
        0.0,
        -5137.9786600591615,
        -57377.63476645341,
        -145148.39585899608,
        -199209.70054954523,
        -111682.86782776704,
        -139743.21118439548,
        -50579.86105384771,
        -2582.7851277426817
      ],
      [
        -7520.330545958132,
        -28306.244348641485,
        0.0,
        -25085.28865291737,
        0.0,
        -63405.0525695784,
        0.0,
        0.0,
        -7030.121050775051,
        -86135.59031800833,
        -86926.82087712456,
        -139573.55891761836,
        -196554.99570944812,
        -50579.86105384771,
        -105322.1048641717,
        -3533.9368514542
      ],
      [
        1884.5885460905265,
        -572.98024330521,
        0.0,
        -1163.558117696084,
        0.0,
        1277.2948502970394,
        0.0,
        1063.6317892931402,
        2115.9009156690445,
        -216.1337761208415,
        -356.8458487279713,
        -1938.6954954825342,
        -2215.9031323099043,
        -2582.7851277426817,
        -3533.9368514542,
        1063.6317892931402
      ]
    ]
  },
  {
    "index": 1,
    "name": "C1H2-0",
    "time": 3424,
    "datum": [
      52.1,
      0.0,
      0.0
    ],
    "hf": 128.06959124571287,
    "dipole": 1.676609145181128,
    "ie": 8.426302585783413,
    "geomGradient": 188.75054235403536,
    "totalError": 5773.124505635403,
    "gradient": {
      "hf": [
        [
          -88.7301601438694,
          25.403214015499206,
          0.0,
          45.76425971194716,
          0.0,
          -51.36511641531549,
          0.0,
          -46.1222701381362
        ],
        [
          -96.28573261557673,
          12.753512055914394,
          14.37717999190012,
          34.63751635769039,
          57.96503434477105,
          146.88241528467822,
          138.47742372339428,
          -23.0611350690681
        ]
      ],
      "geom": [
        [
          -2159.2463181718813,
          290.29557623516666,
          0.0,
          -270.7636298282523,
          0.0,
          -2757.426691459841,
          0.0,
          0.0
        ],
        [
          -2250.1002351305033,
          343.11270553644135,
          -27.43232244029059,
          -286.8363409902486,
          554.2515725664998,
          2081.604254726699,
          -1814.0668990440645,
          0.0
        ]
      ],
      "total": [
        [
          -13521.528768128632,
          3865.1133280205,
          0.0,
          6948.375743324519,
          0.0,
          -7855.379443504374,
          0.0,
          -7007.780019437113
        ],
        [
          -14671.196847892457,
          1944.1049411775148,
          2183.949543659001,
          5257.490148457846,
          8817.412229354335,
          22355.698686060627,
          21006.590755167308,
          -3503.8900097185565
        ]
      ]
    },
    "hessian": [
      [
        30903.402803232893,
        -4508.062525019341,
        0.0,
        -8121.340233628871,
        0.0,
        9115.27006792312,
        0.0,
        8184.872885976802,
        17086.897059925832,
        -2263.2423497270793,
        -2551.378984207986,
        -6146.784780867165,
        -10286.493634339422,
        -26065.80063002184,
        -24574.24812746467,
        4092.436442988401
      ],
      [
        -4508.062525019341,
        1217.6523568996345,
        0.0,
        2420.1877567975316,
        0.0,
        -2178.333525080234,
        0.0,
        -2343.327059861622,
        0.0,
        619.0667704686348,
        733.3827670663595,
        1826.4275968249422,
        2783.3657986775506,
        6297.58695140481,
        5729.087497456931,
        -1171.663529930811
      ],
      [
        0.0,
        0.0,
        0.0,
        0.0,
        0.0,
        0.0,
        0.0,
        0.0,
        0.0,
        0.0,
        0.0,
        0.0,
        0.0,
        0.0,
        0.0,
        0.0
      ],
      [
        -8121.340233628871,
        2420.1877567975316,
        0.0,
        3439.2784073133953,
        0.0,
        -3161.6461819794495,
        0.0,
        -4221.463950671023,
        0.0,
        0.0,
        0.0,
        3125.9697334462544,
        6099.1436475887895,
        14523.080608341843,
        11928.667081519961,
        -2110.7319753355114
      ],
      [
        0.0,
        0.0,
        0.0,
        0.0,
        0.0,
        0.0,
        0.0,
        0.0,
        0.0,
        0.0,
        0.0,
        0.0,
        0.0,
        0.0,
        0.0,
        0.0
      ],
      [
        9115.27006792312,
        -2178.333525080234,
        0.0,
        -3161.6461819794495,
        0.0,
        99701.09013920592,
        0.0,
        4738.130110126804,
        0.0,
        0.0,
        0.0,
        0.0,
        0.0,
        -36715.14230518369,
        -6639.760504185688,
        2369.065055063402
      ],
      [
        0.0,
        0.0,
        0.0,
        0.0,
        0.0,
        0.0,
        0.0,
        0.0,
        0.0,
        0.0,
        0.0,
        0.0,
        0.0,
        0.0,
        0.0,
        0.0
      ],
      [
        8184.872885976802,
        -2343.327059861622,
        0.0,
        -4221.463950671023,
        0.0,
        4738.130110126804,
        0.0,
        4254.527966622845,
        0.0,
        0.0,
        0.0,
        0.0,
        0.0,
        0.0,
        0.0,
        2127.2639833114226
      ],
      [
        17086.897059925832,
        0.0,
        0.0,
        0.0,
        0.0,
        0.0,
        0.0,
        0.0,
        34617.139972397126,
        -2455.962414842361,
        -2768.6345174515736,
        -6670.197035418823,
        -11162.411192344734,
        -28285.360895097256,
        -26666.799421946052,
        4440.916409294005
      ],
      [
        -2263.2423497270793,
        619.0667704686348,
        0.0,
        0.0,
        0.0,
        0.0,
        0.0,
        0.0,
        -2455.962414842361,
        242.2532611490169,
        404.1280499222921,
        997.7080753742484,
        1260.3523282450624,
        1974.4760720641352,
        3909.0461723390035,
        -588.2308323634788
      ],
      [
        -2551.378984207986,
        733.3827670663595,
        0.0,
        0.0,
        0.0,
        0.0,
        0.0,
        0.0,
        -2768.6345174515736,
        404.1280499222921,
        394.94666907557985,
        948.8163323112531,
        1751.090330799343,
        4640.942279365845,
        2427.1423171740025,
        -663.1099222431658
      ],
      [
        -6146.784780867165,
        1826.4275968249422,
        0.0,
        3125.9697334462544,
        0.0,
        0.0,
        0.0,
        0.0,
        -6670.197035418823,
        997.7080753742484,
        948.8163323112531,
        2203.8982933736406,
        4255.515541444765,
        11463.210466899909,
        9174.63592486456,
        -1597.5731002981775
      ],
      [
        -10286.493634339422,
        2783.3657986775506,
        0.0,
        6099.1436475887895,
        0.0,
        0.0,
        0.0,
        0.0,
        -11162.411192344734,
        1260.3523282450624,
        1751.090330799343,
        4255.515541444765,
        5686.521635652753,
        14661.76167014055,
        17218.81748380838,
        -2673.6105246527586
      ],
      [
        -26065.80063002184,
        6297.58695140481,
        0.0,
        14523.080608341843,
        0.0,
        -36715.14230518369,
        0.0,
        0.0,
        -28285.360895097256,
        1974.4760720641352,
        4640.942279365845,
        11463.210466899909,
        14661.76167014055,
        23957.493831403553,
        43172.28591389721,
        -6773.778654860507
      ],
      [
        -24574.24812746467,
        5729.087497456931,
        0.0,
        11928.667081519961,
        0.0,
        -6639.760504185688,
        0.0,
        0.0,
        -26666.799421946052,
        3909.0461723390035,
        2427.1423171740025,
        9174.63592486456,
        17218.81748380838,
        43172.28591389721,
        28423.620969988406,
        -6386.919294527615
      ],
      [
        4092.436442988401,
        -1171.663529930811,
        0.0,
        -2110.7319753355114,
        0.0,
        2369.065055063402,
        0.0,
        2127.2639833114226,
        4440.916409294005,
        -588.2308323634788,
        -663.1099222431658,
        -1597.5731002981775,
        -2673.6105246527586,
        -6773.778654860507,
        -6386.919294527615,
        1063.6321439960739
      ]
    ]
  },
  {
    "index": 2,
    "name": "C1H2-0",
    "time": 2707,
    "datum": [
      0.0,
      0.0,
      15.4
    ],
    "hf": 84.01567941781772,
    "dipole": 9.67224003821966E-6,
    "ie": 9.835841636917026,
    "geomGradient": 508.8408598085328,
    "totalError": 10167.307248994066,
    "gradient": {
      "hf": [
        [
          -93.38894059851555,
          26.72123088132139,
          0.0,
          39.872296611065394,
          0.0,
          -27.16745228781292,
          0.0,
          -46.12227385791812
        ],
        [
          -102.6105573487257,
          16.394678681308505,
          12.282795438522953,
          30.455333472900747,
          68.03913294106678,
          181.9194686447645,
          111.95086074167193,
          -23.06114012640137
        ]
      ],
      "ie": [
        [
          -0.0,
          -0.0020053825267041248,
          0.0,
          -0.1499785362568673,
          0.0,
          -0.07431603776808515,
          0.0,
          -0.0
        ],
        [
          -0.0,
          -0.010770762060019479,
          0.005297362548617457,
          0.06742071789744841,
          -0.9174422110902469,
          -0.11635112429075889,
          0.03814763616105665,
          -0.0
        ]
      ],
      "geom": [
        [
          1080.4736990621677,
          -155.1780019326543,
          0.0,
          111.54253115819301,
          0.0,
          1946.418846614506,
          0.0,
          0.0
        ],
        [
          1175.2013278965023,
          -156.4616883342751,
          -7.777545647513762,
          71.08243607945042,
          -182.62492005760578,
          -797.4754316819599,
          682.9743864500415,
          0.0
        ]
      ],
      "total": [
        [
          -31330.66183970695,
          8974.502953712958,
          0.0,
          13572.055449220015,
          0.0,
          -8950.205698368332,
          0.0,
          -15499.976697870574
        ],
        [
          -34424.97969987133,
          5513.824136344518,
          4121.506704609459,
          10163.418849714433,
          23877.267826376654,
          61226.06301406376,
          37614.11608558357,
          -7749.98942347644
        ]
      ]
    },
    "hessian": [
      [
        56376.79758365266,
        -9981.869770854246,
        0.0,
        7073.868309817044,
        0.0,
        10148.558340006275,
        0.0,
        16751.667371863732,
        15884.796739555895,
        15844.067766010994,
        16902.51165200607,
        10591.629143164027,
        -3925.5895171663724,
        -45988.67133609019,
        -42297.462932765484,
        8137.047989293933
      ],
      [
        -9981.869770854246,
        -41871.412122418405,
        0.0,
        137142.80281419633,
        0.0,
        -4287.511565053137,
        0.0,
        -4929.775714117568,
        0.0,
        133644.95051064296,
        2301.2366091279546,
        90222.60288475081,
        51209.520643169526,
        -23701.58559642732,
        100910.0439841859,
        -2942.4620606732788
      ],
      [
        0.0,
        0.0,
        0.0,
        0.0,
        0.0,
        0.0,
        0.0,
        0.0,
        0.0,
        0.0,
        0.0,
        0.0,
        0.0,
        0.0,
        0.0,
        0.0
      ],
      [
        7073.868309817044,
        137142.80281419633,
        0.0,
        -36584.70393929747,
        0.0,
        -134444.1824403475,
        0.0,
        -7356.003934546607,
        0.0,
        0.0,
        0.0,
        93799.4754895044,
        54222.78529294999,
        29017.678098171018,
        -113445.76101691928,
        -4155.576343691791
      ],
      [
        0.0,
        0.0,
        0.0,
        0.0,
        0.0,
        0.0,
        0.0,
        0.0,
        0.0,
        0.0,
        0.0,
        0.0,
        0.0,
        0.0,
        0.0,
        0.0
      ],
      [
        10148.558340006275,
        -4287.511565053137,
        0.0,
        -134444.1824403475,
        0.0,
        92292.93807948125,
        0.0,
        5012.098699808121,
        0.0,
        0.0,
        0.0,
        0.0,
        0.0,
        -20162.78180235531,
        -144058.83943254594,
        2028.47586479038
      ],
      [
        0.0,
        0.0,
        0.0,
        0.0,
        0.0,
        0.0,
        0.0,
        0.0,
        0.0,
        0.0,
        0.0,
        0.0,
        0.0,
        0.0,
        0.0,
        0.0
      ],
      [
        16751.667371863732,
        -4929.775714117568,
        0.0,
        -7356.003934546607,
        0.0,
        5012.098699808121,
        0.0,
        29999.87846123986,
        0.0,
        0.0,
        0.0,
        0.0,
        0.0,
        0.0,
        0.0,
        25745.350758370478
      ],
      [
        15884.796739555895,
        0.0,
        0.0,
        0.0,
        0.0,
        0.0,
        0.0,
        0.0,
        63606.526382500306,
        -7206.642249002471,
        -5518.951729754917,
        -12977.728747500805,
        -28403.707219695207,
        -74667.43227269035,
        -46426.93464120384,
        8987.691981019452
      ],
      [
        15844.067766010994,
        133644.95051064296,
        0.0,
        0.0,
        0.0,
        0.0,
        0.0,
        0.0,
        -7206.642249002471,
        88158.04000732896,
        -87743.36324677279,
        177628.7930078979,
        90953.73417949304,
        56064.768868964165,
        94424.38626138028,
        -1989.8937807738548
      ],
      [
        16902.51165200607,
        2301.2366091279546,
        0.0,
        0.0,
        0.0,
        0.0,
        0.0,
        0.0,
        -5518.951729754917,
        -87743.36324677279,
        -43613.21580290678,
        89567.64544564066,
        -42060.89040962979,
        -122954.80475586373,
        -126787.63865551446,
        -1610.5949180200696
      ],
      [
        10591.629143164027,
        90222.60288475081,
        0.0,
        93799.4754895044,
        0.0,
        0.0,
        0.0,
        0.0,
        -12977.728747500805,
        177628.7930078979,
        89567.64544564066,
        224267.92649639538,
        140877.34762142645,
        155238.7779520359,
        188874.87989559304,
        -3286.9127153389854
      ],
      [
        -3925.5895171663724,
        51209.520643169526,
        0.0,
        54222.78529294999,
        0.0,
        0.0,
        0.0,
        0.0,
        -28403.707219695207,
        90953.73417949304,
        -42060.89040962979,
        140877.34762142645,
        18405.73921072064,
        5512.906718649901,
        117741.7171857087,
        -6753.813795512542
      ],
      [
        -45988.67133609019,
        -23701.58559642732,
        0.0,
        29017.678098171018,
        0.0,
        -20162.78180235531,
        0.0,
        0.0,
        -74667.43227269035,
        56064.768868964165,
        -122954.80475586373,
        155238.7779520359,
        5512.906718649901,
        88246.99791148305,
        170802.85033443943,
        -17258.65537991922
      ],
      [
        -42297.462932765484,
        100910.0439841859,
        0.0,
        -113445.76101691928,
        0.0,
        -144058.83943254594,
        0.0,
        0.0,
        -46426.93464120384,
        94424.38626138028,
        -126787.63865551446,
        188874.87989559304,
        117741.7171857087,
        170802.85033443943,
        137017.47811865062,
        -10804.431858559838
      ],
      [
        8137.047989293933,
        -2942.4620606732788,
        0.0,
        -4155.576343691791,
        0.0,
        2028.47586479038,
        0.0,
        25745.350758370478,
        8987.691981019452,
        -1989.8937807738548,
        -1610.5949180200696,
        -3286.9127153389854,
        -6753.813795512542,
        -17258.65537991922,
        -10804.431858559838,
        45586.4834930253
      ]
    ]
  },
  {
    "index": 3,
    "name": "C1H3-1",
    "time": 3662,
    "datum": [
      430.6,
      0.0,
      0.0
    ],
    "hf": 279.2017226432911,
    "dipole": 5.308980123981351E-10,
    "ie": 21.57410528710814,
    "geomGradient": 358.18663264204963,
    "totalError": 22927.724972105338,
    "gradient": {
      "hf": [
        [
          -133.06015056932648,
          38.012883122288095,
          0.0,
          58.98795202932074,
          0.0,
          -55.25185114609716,
          0.0,
          -69.1834052072043
        ],
        [
          -140.24211059773214,
          19.69618099038796,
          20.840447020526284,
          29.38858916537428,
          49.99026921971358,
          229.75482036649194,
          201.11221825253176,
          -23.0611350690681
        ]
      ],
      "geom": [
        [
          -2824.3131839644775,
          315.68624137889856,
          0.0,
          153.4081695808709,
          0.0,
          -5246.93696831946,
          0.0,
          0.0
        ],
        [
          -2666.8751235092714,
          197.53631818275608,
          102.50356297092367,
          -110.14462472758169,
          -43.25665713622584,
          284.80842104272597,
          -819.7616682537046,
          0.0
        ]
      ],
      "total": [
        [
          40191.01530160939,
          -11499.088734159115,
          0.0,
          -17855.963666021857,
          0.0,
          16545.89066550882,
          0.0,
          20948.496740083796
        ],
        [
          42371.214490755076,
          -5957.0017677752185,
          -6306.817446709546,
          -8902.629875722423,
          -15138.399696648672,
          -69558.97060798439,
          -60924.86230944862,
          6982.832246694599
        ]
      ]
    },
    "hessian": [
      [
        -11379.105708329007,
        -10115.999284607824,
        0.0,
        -15697.890594310593,
        0.0,
        14703.638371429406,
        0.0,
        18411.10752138775,
        37321.27042894717,
        -5241.553299129009,
        -5546.065694943536,
        -7820.899718353758,
        -13303.424693731358,
        -61142.41827162914,
        -53520.040746661834,
        6137.035834399285
      ],
      [
        -10115.999284607824,
        3569.2009805643465,
        0.0,
        4929.799397359602,
        0.0,
        -4749.202817038167,
        0.0,
        -6018.941094225738,
        0.0,
        1763.3916468184907,
        1797.896529751597,
        2360.1775501447264,
        4747.905186377466,
        23203.025193652138,
        21308.122595655732,
        -2006.313707170193
      ],
      [
        0.0,
        0.0,
        0.0,
        0.0,
        0.0,
        0.0,
        0.0,
        0.0,
        0.0,
        0.0,
        0.0,
        0.0,
        0.0,
        0.0,
        0.0,
        0.0
      ],
      [
        -15697.890594310593,
        4929.799397359602,
        0.0,
        8865.322051860858,
        0.0,
        -11084.069628850557,
        0.0,
        -8161.977129930165,
        0.0,
        0.0,
        0.0,
        3221.118422516156,
        4237.5137309136335,
        27863.886643899605,
        25078.696126001887,
        -2720.6590584683
      ],
      [
        0.0,
        0.0,
        0.0,
        0.0,
        0.0,
        0.0,
        0.0,
        0.0,
        0.0,
        0.0,
        0.0,
        0.0,
        0.0,
        0.0,
        0.0,
        0.0
      ],
      [
        14703.638371429406,
        -4749.202817038167,
        0.0,
        -11084.069628850557,
        0.0,
        -264992.18449316686,
        0.0,
        7590.181267005391,
        0.0,
        0.0,
        0.0,
        0.0,
        0.0,
        22559.859789907932,
        -42255.45300869271,
        2530.0604193034815
      ],
      [
        0.0,
        0.0,
        0.0,
        0.0,
        0.0,
        0.0,
        0.0,
        0.0,
        0.0,
        0.0,
        0.0,
        0.0,
        0.0,
        0.0,
        0.0,
        0.0
      ],
      [
        18411.10752138775,
        -6018.941094225738,
        0.0,
        -8161.977129930165,
        0.0,
        7590.181267005391,
        0.0,
        9572.687486070208,
        0.0,
        0.0,
        0.0,
        0.0,
        0.0,
        0.0,
        0.0,
        3190.8958226267714
      ],
      [
        37321.27042894717,
        0.0,
        0.0,
        0.0,
        0.0,
        0.0,
        0.0,
        0.0,
        -7889.897460700013,
        -5524.467778741382,
        -5845.416335432674,
        -8243.035244959174,
        -14021.481219970156,
        -64442.59954150766,
        -56408.801829093136,
        6468.284273069003
      ],
      [
        -5241.553299129009,
        1763.3916468184907,
        0.0,
        0.0,
        0.0,
        0.0,
        0.0,
        0.0,
        -5524.467778741382,
        791.0090516816126,
        821.0584564949386,
        1097.9967737512197,
        1966.5857689687982,
        11867.747525684536,
        7950.87602455169,
        -908.4355406230316
      ],
      [
        -5546.065694943536,
        1797.896529751597,
        0.0,
        0.0,
        0.0,
        0.0,
        0.0,
        0.0,
        -5845.416335432674,
        821.0584564949386,
        871.0518886800855,
        1224.5440120750573,
        2020.686079049483,
        9578.755270922557,
        12452.220544219017,
        -961.2096982891671
      ],
      [
        -7820.899718353758,
        2360.1775501447264,
        0.0,
        3221.118422516156,
        0.0,
        0.0,
        0.0,
        0.0,
        -8243.035244959174,
        1097.9967737512197,
        1224.5440120750573,
        1962.9324560810346,
        2948.772489617113,
        12807.862076442689,
        11708.120655384846,
        -1355.471831629984
      ],
      [
        -13303.424693731358,
        4747.905186377466,
        0.0,
        4237.5137309136335,
        0.0,
        0.0,
        0.0,
        0.0,
        -14021.481219970156,
        1966.5857689687982,
        2020.686079049483,
        2948.772489617113,
        6647.7117252361495,
        22909.17866048403,
        18867.734470404685,
        -2305.665002495516
      ],
      [
        -61142.41827162914,
        23203.025193652138,
        0.0,
        27863.886643899605,
        0.0,
        22559.859789907932,
        0.0,
        0.0,
        -64442.59954150766,
        11867.747525684536,
        9578.755270922557,
        12807.862076442689,
        22909.17866048403,
        134805.47117069364,
        97889.73606191576,
        -10596.814117889153
      ],
      [
        -53520.040746661834,
        21308.122595655732,
        0.0,
        25078.696126001887,
        0.0,
        -42255.45300869271,
        0.0,
        0.0,
        -56408.801829093136,
        7950.87602455169,
        12452.220544219017,
        11708.120655384846,
        18867.734470404685,
        97889.73606191576,
        99710.8916635625,
        -9275.752163375728
      ],
      [
        6137.035834399285,
        -2006.313707170193,
        0.0,
        -2720.6590584683,
        0.0,
        2530.0604193034815,
        0.0,
        3190.8958226267714,
        6468.284273069003,
        -908.4355406230316,
        -961.2096982891671,
        -1355.471831629984,
        -2305.665002495516,
        -10596.814117889153,
        -9275.752163375728,
        1063.6321439960739
      ]
    ]
  },
  {
    "index": 4,
    "name": "C1H4-0",
    "time": 2386,
    "datum": [
      170.9,
      0.0,
      0.0
    ],
    "hf": 47.5540298561278,
    "dipole": 1.332228612540143E-10,
    "ie": 12.49694466912103,
    "geomGradient": 729.1005885380372,
    "totalError": 15240.276146475133,
    "gradient": {
      "hf": [
        [
          -184.71839687230266,
          49.894151762333344,
          0.0,
          90.70370853361267,
          0.0,
          -95.87176592015223,
          0.0,
          -92.2445402762724
        ],
        [
          -183.96082241418014,
          23.317748512936088,
          29.442360306865535,
          25.702463375819526,
          68.08290864311263,
          274.818708666375,
          288.355952827269,
          -23.0611350690681
        ]
      ],
      "geom": [
        [
          -3623.698033834444,
          394.2894397823693,
          0.0,
          -42.664971715566935,
          0.0,
          -5506.265151780099,
          0.0,
          0.0
        ],
        [
          -3099.3352550012787,
          184.105682592417,
          123.61982612674183,
          -76.99406978645129,
          119.65914609390893,
          50.73625970908324,
          -1042.6307676425495,
          0.0
        ]
      ],
      "total": [
        [
          45309.619775092986,
          -12280.312394326427,
          0.0,
          -22378.922340937752,
          0.0,
          23257.359079699487,
          0.0,
          22755.984621704625
        ],
        [
          45160.19895675047,
          -5739.145930767801,
          -7254.360124529099,
          -6346.091929671942,
          -16786.95496532628,
          -67791.93526827263,
          -71209.58740169926,
          5688.996155426156
        ]
      ]
    },
    "hessian": [
      [
        13584.891930804588,
        -18432.735159876756,
        0.0,
        -33509.28673171438,
        0.0,
        35418.55723597109,
        0.0,
        34078.52665986866,
        67961.89525630325,
        -8614.434109404101,
        -10877.091017391649,
        -9495.435506323702,
        -25152.331072604284,
        -101528.14094908535,
        -106529.29689968005,
        8519.631664967164
      ],
      [
        -18432.735159876756,
        5425.529343483504,
        0.0,
        8521.069030393846,
        0.0,
        -8056.583064899314,
        0.0,
        -9204.932975990232,
        0.0,
        2349.9609415011946,
        2942.928958873381,
        2367.7835906710243,
        7521.013503719587,
        30264.112283475697,
        33168.02438348532,
        -2301.233243997558
      ],
      [
        0.0,
        0.0,
        0.0,
        0.0,
        0.0,
        0.0,
        0.0,
        0.0,
        0.0,
        0.0,
        0.0,
        0.0,
        0.0,
        0.0,
        0.0,
        0.0
      ],
      [
        -33509.28673171438,
        8521.069030393846,
        0.0,
        18886.201978602912,
        0.0,
        -23783.461801940575,
        0.0,
        -16733.8387836935,
        0.0,
        0.0,
        0.0,
        4477.115408008103,
        10104.36022625072,
        50103.98323065601,
        53671.19811126031,
        -4183.459695923375
      ],
      [
        0.0,
        0.0,
        0.0,
        0.0,
        0.0,
        0.0,
        0.0,
        0.0,
        0.0,
        0.0,
        0.0,
        0.0,
        0.0,
        0.0,
        0.0,
        0.0
      ],
      [
        35418.55723597109,
        -8056.583064899314,
        0.0,
        -23783.461801940575,
        0.0,
        -251429.9186077551,
        0.0,
        17687.300460238475,
        0.0,
        0.0,
        0.0,
        0.0,
        0.0,
        -15423.337172251195,
        -75218.27312302776,
        4421.825115059619
      ],
      [
        0.0,
        0.0,
        0.0,
        0.0,
        0.0,
        0.0,
        0.0,
        0.0,
        0.0,
        0.0,
        0.0,
        0.0,
        0.0,
        0.0,
        0.0,
        0.0
      ],
      [
        34078.52665986866,
        -9204.932975990232,
        0.0,
        -16733.8387836935,
        0.0,
        17687.300460238475,
        0.0,
        17018.110629578587,
        0.0,
        0.0,
        0.0,
        0.0,
        0.0,
        0.0,
        0.0,
        4254.527657394647
      ],
      [
        67961.89525630325,
        0.0,
        0.0,
        0.0,
        0.0,
        0.0,
        0.0,
        0.0,
        16880.152325029485,
        -8579.103059673798,
        -10832.4799566617,
        -9456.49114328262,
        -25049.171854334418,
        -101111.73571203835,
        -106092.3800105229,
        8484.689433316817
      ],
      [
        -8614.434109404101,
        2349.9609415011946,
        0.0,
        0.0,
        0.0,
        0.0,
        0.0,
        0.0,
        -8579.103059673798,
        1089.9751123361057,
        1373.0588216276374,
        1177.0033688662807,
        3174.957528244704,
        15411.976928589866,
        13462.232163874432,
        -1075.467880582437
      ],
      [
        -10877.091017391649,
        2942.928958873381,
        0.0,
        0.0,
        0.0,
        0.0,
        0.0,
        0.0,
        -10832.4799566617,
        1373.0588216276374,
        1733.8055022264598,
        1513.4872501221253,
        4024.2406248580664,
        16182.633698917925,
        21632.813004544005,
        -1357.946466669091
      ],
      [
        -9495.435506323702,
        2367.7835906710243,
        0.0,
        4477.115408008103,
        0.0,
        0.0,
        0.0,
        0.0,
        -9456.49114328262,
        1177.0033688662807,
        1513.4872501221253,
        1505.6754637043923,
        3500.8569466299377,
        13871.948613086715,
        14698.473969474435,
        -1185.4563581437105
      ],
      [
        -25152.331072604284,
        7521.013503719587,
        0.0,
        10104.36022625072,
        0.0,
        0.0,
        0.0,
        0.0,
        -25049.171854334418,
        3174.957528244704,
        4024.2406248580664,
        3500.8569466299377,
        11515.889891597908,
        37426.16972886026,
        38027.378177503124,
        -3140.139251627261
      ],
      [
        -101528.14094908535,
        30264.112283475697,
        0.0,
        50103.98323065601,
        0.0,
        -15423.337172251195,
        0.0,
        0.0,
        -101111.73571203835,
        15411.976928589866,
        16182.633698917925,
        13871.948613086715,
        37426.16972886026,
        163925.6888302043,
        163975.07992223836,
        -12675.262605625903
      ],
      [
        -106529.29689968005,
        33168.02438348532,
        0.0,
        53671.19811126031,
        0.0,
        -75218.27312302776,
        0.0,
        0.0,
        -106092.3800105229,
        13462.232163874432,
        21632.813004544005,
        14698.473969474435,
        38027.378177503124,
        163975.07992223836,
        195138.13313096762,
        -13299.630663823336
      ],
      [
        8519.631664967164,
        -2301.233243997558,
        0.0,
        -4183.459695923375,
        0.0,
        4421.825115059619,
        0.0,
        4254.527657394647,
        8484.689433316817,
        -1075.467880582437,
        -1357.946466669091,
        -1185.4563581437105,
        -3140.139251627261,
        -12675.262605625903,
        -13299.630663823336,
        1063.6321349011268
      ]
    ]
  },
  {
    "index": 5,
    "name": "C2H2-0",
    "time": 3287,
    "datum": [
      142.4,
      0.0,
      0.0
    ],
    "hf": 53.22525570158336,
    "dipole": 5.155967733018569E-10,
    "ie": 10.911446000976804,
    "geomGradient": 3197.0656746510467,
    "totalError": 8452.975238161558,
    "gradient": {
      "hf": [
        [
          -97.32657489687334,
          28.20338289775304,
          0.0,
          37.83401892066722,
          0.0,
          -7.176635032573775,
          0.0,
          -46.1222701381362
        ],
        [
          -458.50091553213076,
          35.52953421811163,
          53.86671812445224,
          57.21060526756248,
          135.56672650245127,
          297.5803463419784,
          495.1210999149472,
          -46.1222701381362
        ]
      ],
      "geom": [
        [
          -2089.3692772006034,
          249.06986254791263,
          0.0,
          -76.18028575961944,
          0.0,
          -3949.39591842558,
          0.0,
          0.0
        ],
        [
          11847.391774608695,
          -300.19826226634905,
          -1005.5869006464491,
          217.52165594079997,
          -141.3556083207368,
          3961.759812227683,
          -176.77351024758536,
          0.0
        ]
      ],
      "total": [
        [
          16703.519481553518,
          -4952.022231117014,
          0.0,
          -6771.546156979258,
          0.0,
          42.554331517924766,
          0.0,
          8225.883292061586
        ],
        [
          85485.33898485635,
          -6430.730106752298,
          -9922.164511453508,
          -10135.329951854308,
          -24222.54481246055,
          -51832.03396848563,
          -88359.98030246883,
          8225.883292061586
        ]
      ]
    },
    "hessian": [
      [
        -649.4811896118335,
        -5489.878494699951,
        0.0,
        -7364.512530330103,
        0.0,
        1396.954914980597,
        0.0,
        8977.847082860535,
        89248.66648158059,
        -6915.937228768598,
        -10485.32858476392,
        -11136.226912640268,
        -26388.495971332304,
        -57924.96420326643,
        -96376.90236559138,
        8977.847082860535
      ],
      [
        -5489.878494699951,
        1607.0399669843027,
        0.0,
        2173.9991916547297,
        0.0,
        -712.2589795471868,
        0.0,
        -2602.250206109602,
        0.0,
        2021.8565896357177,
        3046.9384546449874,
        3168.01670123823,
        7669.235274079256,
        18225.08915211074,
        29234.728863229975,
        -2602.250206109602
      ],
      [
        0.0,
        0.0,
        0.0,
        0.0,
        0.0,
        0.0,
        0.0,
        0.0,
        0.0,
        0.0,
        0.0,
        0.0,
        0.0,
        0.0,
        0.0,
        0.0
      ],
      [
        -7364.512530330103,
        2173.9991916547297,
