[
  {
    "rawMolecule": {
      "index": 204,
      "name": "C10H22_0_RHF",
      "isUsing": true,
      "restricted": true,
      "charge": 0,
      "mult": 1,
      "nElectrons": 62,
      "datum": [
        -59.7,
        0.0,
        0.0
      ],
      "mats": [
        1,
        6
      ],
      "mnps": [
        [
          0,
          1,
          3,
          5,
          7
        ],
        [
          0,
          1,
          2,
          3,
          4,
          5,
          6,
          7
        ]
      ],
      "atoms": [
        {
          "name": "C",
          "Z": 6,
          "coords": [
            -0.00424015,
            0.189225502,
            0.1050759
          ]
        },
        {
          "name": "C",
          "Z": 6,
          "coords": [
            8.62671E-4,
            3.04303411,
            0.083820909
          ]
        },
        {
          "name": "C",
          "Z": 6,
          "coords": [
            2.47255E-4,
            4.215158098,
            2.708864792
          ]
        },
        {
          "name": "C",
          "Z": 6,
          "coords": [
            0.005459303,
            7.089396356,
            2.65310111
          ]
        },
        {
          "name": "C",
          "Z": 6,
          "coords": [
            0.005149463,
            8.258451494,
            5.279640802
          ]
        },
        {
          "name": "C",
          "Z": 6,
          "coords": [
            0.010452619,
            11.13284824,
            5.223429856
          ]
        },
        {
          "name": "C",
          "Z": 6,
          "coords": [
            0.010528615,
            12.301902806,
            7.84997002
          ]
        },
        {
          "name": "C",
          "Z": 6,
          "coords": [
            0.015893533,
            15.17614103,
            7.794206439
          ]
        },
        {
          "name": "C",
          "Z": 6,
          "coords": [
            0.016317744,
            16.348263315,
            10.419251752
          ]
        },
        {
          "name": "C",
          "Z": 6,
          "coords": [
            0.021612242,
            19.202071508,
            10.397995873
          ]
        },
        {
          "name": "H",
          "Z": 1,
          "coords": [
            1.677535149,
            -0.544338528,
            1.07132178
          ]
        },
        {
          "name": "H",
          "Z": 1,
          "coords": [
            -1.690664531,
            -0.538342817,
            1.067746532
          ]
        },
        {
          "name": "H",
          "Z": 1,
          "coords": [
            -0.003422501,
            -0.514448038,
            -1.844890556
          ]
        },
        {
          "name": "H",
          "Z": 1,
          "coords": [
            1.68339961,
            3.69778823,
            -0.953343908
          ]
        },
        {
          "name": "H",
          "Z": 1,
          "coords": [
            -1.67719062,
            3.703770981,
            -0.956808532
          ]
        },
        {
          "name": "H",
          "Z": 1,
          "coords": [
            -1.683950801,
            3.55921581,
            3.742660777
          ]
        },
        {
          "name": "H",
          "Z": 1,
          "coords": [
            1.679945754,
            3.553181536,
            3.746132699
          ]
        },
        {
          "name": "H",
          "Z": 1,
          "coords": [
            1.689586358,
            7.744871377,
            1.618775879
          ]
        },
        {
          "name": "H",
          "Z": 1,
          "coords": [
            -1.674397111,
            7.750908012,
            1.615680421
          ]
        },
        {
          "name": "H",
          "Z": 1,
          "coords": [
            -1.679034858,
            7.60307812,
            6.313930623
          ]
        },
        {
          "name": "H",
          "Z": 1,
          "coords": [
            1.68500928,
            7.596930302,
            6.317048656
          ]
        },
        {
          "name": "H",
          "Z": 1,
          "coords": [
            1.694496445,
            11.788221715,
            4.188908508
          ]
        },
        {
          "name": "H",
          "Z": 1,
          "coords": [
            -1.669548174,
            11.794371799,
            4.186254736
          ]
        },
        {
          "name": "H",
          "Z": 1,
          "coords": [
            -1.673500823,
            11.646525471,
            8.884513608
          ]
        },
        {
          "name": "H",
          "Z": 1,
          "coords": [
            1.690482515,
            11.64029485,
            8.887173762
          ]
        },
        {
          "name": "H",
          "Z": 1,
          "coords": [
            1.69975495,
            15.831987335,
            6.759799095
          ]
        },
        {
          "name": "H",
          "Z": 1,
          "coords": [
            -1.66414244,
            15.838216563,
            6.757551031
          ]
        },
        {
          "name": "H",
          "Z": 1,
          "coords": [
            -1.665881102,
            15.693625304,
            11.457038037
          ]
        },
        {
          "name": "H",
          "Z": 1,
          "coords": [
            1.694709889,
            15.687409474,
            11.459260185
          ]
        },
        {
          "name": "H",
          "Z": 1,
          "coords": [
            1.707666522,
            19.929521608,
            9.434588799
          ]
        },
        {
          "name": "H",
          "Z": 1,
          "coords": [
            -1.660534478,
            19.935754513,
            9.43248538
          ]
        },
        {
          "name": "H",
          "Z": 1,
          "coords": [
            0.021696819,
            19.905744727,
            12.347962765
          ]
        }
      ],
      "expGeom": [
        {
          "name": "C",
          "Z": 6,
          "coords": [
            0.0,
            -0.0,
            1.449611883
          ]
        },
        {
          "name": "C",
          "Z": 6,
          "coords": [
            0.0,
            0.0,
            -1.449611883
          ]
        },
        {
          "name": "C",
          "Z": 6,
          "coords": [
            0.0,
            -2.6582831909999998,
            2.606504589
          ]
        },
        {
          "name": "C",
          "Z": 6,
          "coords": [
            0.0,
            2.6582831909999998,
            -2.606504589
          ]
        },
        {
          "name": "C",
          "Z": 6,
          "coords": [
            0.0,
            -2.6582831909999998,
            5.505161435999999
          ]
        },
        {
          "name": "C",
          "Z": 6,
          "coords": [
            0.0,
            2.6582831909999998,
            -5.505161435999999
          ]
        },
        {
          "name": "C",
          "Z": 6,
          "coords": [
            0.0,
            -5.315054598000001,
            6.663754899
          ]
        },
        {
          "name": "C",
          "Z": 6,
          "coords": [
            0.0,
            5.315054598000001,
            -6.663754899
          ]
        },
        {
          "name": "C",
          "Z": 6,
          "coords": [
            0.0,
            -5.296157298,
            9.560522015999998
          ]
        },
        {
          "name": "C",
          "Z": 6,
          "coords": [
            0.0,
            5.296157298,
            -9.560522015999998
          ]
        },
        {
          "name": "H",
          "Z": 1,
          "coords": [
            1.6582380749999999,
            1.0448317169999999,
            2.1342610619999998
          ]
        },
        {
          "name": "H",
          "Z": 1,
          "coords": [
            -1.6582380749999999,
            1.0448317169999999,
            2.1342610619999998
          ]
        },
        {
          "name": "H",
          "Z": 1,
          "coords": [
            1.6582380749999999,
            -1.0448317169999999,
            -2.1342610619999998
          ]
        },
        {
          "name": "H",
          "Z": 1,
          "coords": [
            -1.6582380749999999,
            -1.0448317169999999,
            -2.1342610619999998
          ]
        },
        {
          "name": "H",
          "Z": 1,
          "coords": [
            -1.6582380749999999,
            -3.7033038809999996,
            1.9216664369999998
          ]
        },
        {
          "name": "H",
          "Z": 1,
          "coords": [
            1.6582380749999999,
            -3.7033038809999996,
            1.9216664369999998
          ]
        },
        {
          "name": "H",
          "Z": 1,
          "coords": [
            -1.6582380749999999,
            3.7033038809999996,
            -1.9216664369999998
          ]
        },
        {
          "name": "H",
          "Z": 1,
          "coords": [
            1.6582380749999999,
            3.7033038809999996,
            -1.9216664369999998
          ]
        },
        {
          "name": "H",
          "Z": 1,
          "coords": [
            1.6580491019999999,
            -1.6138294199999998,
            6.191511372
          ]
        },
        {
          "name": "H",
          "Z": 1,
          "coords": [
            -1.6580491019999999,
            -1.6138294199999998,
            6.191511372
          ]
        },
        {
          "name": "H",
          "Z": 1,
          "coords": [
            1.6580491019999999,
            1.6138294199999998,
            -6.191511372
          ]
        },
        {
          "name": "H",
          "Z": 1,
          "coords": [
            -1.6580491019999999,
            1.6138294199999998,
            -6.191511372
          ]
        },
        {
          "name": "H",
          "Z": 1,
          "coords": [
            -1.65729321,
            -6.358185558,
            5.979294693
          ]
        },
        {
          "name": "H",
          "Z": 1,
          "coords": [
            1.65729321,
            -6.358185558,
            5.979294693
          ]
        },
        {
          "name": "H",
          "Z": 1,
          "coords": [
            -1.65729321,
            6.358185558,
            -5.979294693
          ]
        },
        {
          "name": "H",
          "Z": 1,
          "coords": [
            1.65729321,
            6.358185558,
            -5.979294693
          ]
        },
        {
          "name": "H",
          "Z": 1,
          "coords": [
            0.0,
            -7.216122978,
            10.330964937
          ]
        },
        {
          "name": "H",
          "Z": 1,
          "coords": [
            1.669765428,
            -4.320867645,
            10.300540284
          ]
        },
        {
          "name": "H",
          "Z": 1,
          "coords": [
            -1.669765428,
            -4.320867645,
            10.300540284
          ]
        },
        {
          "name": "H",
          "Z": 1,
          "coords": [
            0.0,
            7.216122978,
            -10.330964937
          ]
        },
        {
          "name": "H",
          "Z": 1,
          "coords": [
            1.669765428,
            4.320867645,
            -10.300540284
          ]
        },
        {
          "name": "H",
          "Z": 1,
          "coords": [
            -1.669765428,
            4.320867645,
            -10.300540284
          ]
        }
      ]
    },
    "time": 52986,
    "isExpAvail": true,
    "hf": -71.56486974671375,
    "dipole": 5.629057832707229E-6,
    "ie": -11.568924151014572,
    "geomGradient": 613.6173889137166,
    "totalError": 159.22492280537028,
    "gradient": {
      "hf": [
        [
          -965.3438684174185,
          297.4077022986082,
          0.0,
          509.4994688078317,
          0.0,
          368.45865870328635,
          0.0,
          -507.3449715194982
        ],
        [
          -3104.045751404309,
          201.37544591955512,
          340.52282880164904,
          275.85582449774654,
          644.435080976644,
          2260.1178396538503,
          3562.0578477595277,
          -230.611350690681
        ]
      ],
      "geom": [
        [
          -5232.089183664357,
          849.2513859437167,
          0.0,
          -154.1650919989479,
          0.0,
          -7417.509615379458,
          0.0,
          0.0
        ],
        [
          10075.086829601787,
          -43.087380845463485,
          -536.7043627302337,
          143.19114370664465,
          10.972777317874716,
          254.91048972980934,
          -4305.448090917707,
          0.0
        ]
      ],
      "total": [
        [
          22592.729430585405,
          -7006.337987923347,
          0.0,
          -12099.560308208513,
          0.0,
          -9189.476247604987,
          0.0,
          12039.164007458086
        ],
        [
          74264.05740690368,
          -4781.177910324534,
          -8112.7924697365015,
          -6537.376124655932,
          -15291.616749478862,
          -53616.67864354077,
          -84785.61077378658,
          5472.3472761173125
        ]
      ]
    },
    "hessian": [
      [
        1834680.6259796722,
        -574201.3922554179,
        0.0,
        -983684.3567973119,
        0.0,
        -711378.5997717059,
        0.0,
        979524.6953945025,
        5992942.9477779195,
        -388793.0962082464,
        -657443.2366141991,
        -532591.4468994597,
        -1244202.8832992946,
        -4363581.710131257,
        -6877221.267786808,
        445238.4979049384
      ],
      [
        -574201.3922554179,
        177010.69811664638,
        0.0,
        302950.2591380151,
        0.0,
        220103.1893491745,
        0.0,
        -301779.13860825356,
        0.0,
        119795.00393863418,
        202553.54716027796,
        164012.41377025144,
        383505.80873157014,
        1345652.341551613,
        2121194.2048103083,
        -137172.3357351584
      ],
      [
        0.0,
        0.0,
        0.0,
        0.0,
        0.0,
        0.0,
        0.0,
        0.0,
        0.0,
        0.0,
        0.0,
        0.0,
        0.0,
        0.0,
        0.0,
        0.0
      ],
      [
        -983684.3567973119,
        302950.2591380151,
        0.0,
        520144.65696629486,
        0.0,
        373830.3739373805,
        0.0,
        -516984.4508600363,
        0.0,
        0.0,
        0.0,
        281010.42020352907,
        655801.1026208987,
        2303083.6529505905,
        3630304.3279622216,
        -234992.93220993422
      ],
      [
        0.0,
        0.0,
        0.0,
        0.0,
        0.0,
        0.0,
        0.0,
        0.0,
        0.0,
        0.0,
        0.0,
        0.0,
        0.0,
        0.0,
        0.0,
        0.0
      ],
      [
        -711378.5997717059,
        220103.1893491745,
        0.0,
        373830.3739373805,
        0.0,
        168075.91269753175,
        0.0,
        -373867.5253407564,
        0.0,
        0.0,
        0.0,
        0.0,
        0.0,
        1683208.743124851,
        2624743.726628367,
        -169939.78424579836
      ],
      [
        0.0,
        0.0,
        0.0,
        0.0,
        0.0,
        0.0,
        0.0,
        0.0,
        0.0,
        0.0,
        0.0,
        0.0,
        0.0,
        0.0,
        0.0,
        0.0
      ],
      [
        979524.6953945025,
        -301779.13860825356,
        0.0,
        -516984.4508600363,
        0.0,
        -373867.5253407564,
        0.0,
        514798.2487505942,
        0.0,
        0.0,
        0.0,
        0.0,
        0.0,
        0.0,
        0.0,
        233999.20398333052
      ],
      [
        5992942.9477779195,
        0.0,
        0.0,
        0.0,
        0.0,
        0.0,
        0.0,
        0.0,
        1.916353087814059E7,
        -1250157.6656359248,
        -2113997.6763515733,
        -1712538.845185918,
        -4000713.4574261727,
        -1.403102364129154E7,
        -2.2113589387590766E7,
        1431656.9059974428
      ],
      [
        -388793.0962082464,
        119795.00393863418,
        0.0,
        0.0,
        0.0,
        0.0,
        0.0,
        0.0,
        -1250157.6656359248,
        81125.02240692265,
        137152.0197335485,
        111044.54033556976,
        259603.3047848323,
        912835.4780114023,
        1435759.8253991455,
        -92877.92861869093
      ],
      [
        -657443.2366141991,
        202553.54716027796,
        0.0,
        0.0,
        0.0,
        0.0,
        0.0,
        0.0,
        -2113997.6763515733,
        137152.0197335485,
        231944.68944893742,
        187838.16376526374,
        438948.15464227577,
        1539689.6490710787,
        2431690.9484332427,
        -157058.31754530664
      ],
      [
        -532591.4468994597,
        164012.41377025144,
        0.0,
        281010.42020352907,
        0.0,
        0.0,
        0.0,
        0.0,
        -1712538.845185918,
        111044.54033556976,
        187838.16376526374,
        152386.41168252798,
        355436.6667412978,
        1245880.6693757651,
        1964502.0218740683,
        -127231.27953904623
      ],
      [
        -1244202.8832992946,
        383505.80873157014,
        0.0,
        655801.1026208987,
        0.0,
        0.0,
        0.0,
        0.0,
        -4000713.4574261727,
        259603.3047848323,
        438948.15464227577,
        355436.6667412978,
        831577.9779513832,
        2914030.736719724,
        4591194.5108673535,
        -297228.1384427333
      ],
      [
        -4363581.710131257,
        1345652.341551613,
        0.0,
        2303083.6529505905,
        0.0,
        1683208.743124851,
        0.0,
        0.0,
        -1.403102364129154E7,
        912835.4780114023,
        1539689.6490710787,
        1245880.6693757651,
        2914030.736719724,
        1.0217191426927457E7,
        1.6111629582301248E7,
        -1042411.8927130621
      ],
      [
        -6877221.267786808,
        2121194.2048103083,
        0.0,
        3630304.3279622216,
        0.0,
        2624743.726628367,
        0.0,
        0.0,
        -2.2113589387590766E7,
        1435759.8253991455,
        2431690.9484332427,
        1964502.0218740683,
        4591194.5108673535,
        1.6111629582301248E7,
        2.5389741213439267E7,
        -1642902.028261233
      ],
      [
        445238.4979049384,
        -137172.3357351584,
        0.0,
        -234992.93220993422,
        0.0,
        -169939.78424579836,
        0.0,
        233999.20398333052,
        1431656.9059974428,
        -92877.92861869093,
        -157058.31754530664,
        -127231.27953904623,
        -297228.1384427333,
        -1042411.8927130621,
        -1642902.028261233,
        106363.22617756377
      ]
    ]
  }
]