[
  {
    "rawMolecule": {
      "index": 163,
      "name": "C9H10_0_RHF",
      "isUsing": true,
      "restricted": true,
      "charge": 0,
      "mult": 1,
      "nElectrons": 46,
      "datum": [
        28.3,
        0.0,
        0.0
      ],
      "mats": [
        1,
        6
      ],
      "mnps": [
        [
          0,
          1,
          3,
          5,
          7
        ],
        [
          0,
          1,
          2,
          3,
          4,
          5,
          6,
          7
        ]
      ],
      "atoms": [
        {
          "name": "C",
          "Z": 6,
          "coords": [
            -0.022172319,
            0.008079413,
            0.00519003
          ]
        },
        {
          "name": "C",
          "Z": 6,
          "coords": [
            0.015563921,
            2.657557213,
            -0.0232965
          ]
        },
        {
          "name": "C",
          "Z": 6,
          "coords": [
            0.014735321,
            4.010779993,
            2.234056454
          ]
        },
        {
          "name": "C",
          "Z": 6,
          "coords": [
            -0.023924583,
            2.742793967,
            4.540428364
          ]
        },
        {
          "name": "C",
          "Z": 6,
          "coords": [
            -0.061639518,
            0.111220263,
            4.585436348
          ]
        },
        {
          "name": "C",
          "Z": 6,
          "coords": [
            -0.061040052,
            -1.253649428,
            2.335106744
          ]
        },
        {
          "name": "C",
          "Z": 6,
          "coords": [
            -0.026752216,
            -1.436907913,
            -2.39135108
          ]
        },
        {
          "name": "C",
          "Z": 6,
          "coords": [
            -2.559286334,
            -2.039281855,
            -3.474895779
          ]
        },
        {
          "name": "C",
          "Z": 6,
          "coords": [
            2.1229743,
            -2.148152767,
            -3.499128878
          ]
        },
        {
          "name": "H",
          "Z": 1,
          "coords": [
            0.045961202,
            3.664018678,
            -1.799760878
          ]
        },
        {
          "name": "H",
          "Z": 1,
          "coords": [
            0.044484096,
            6.051377972,
            2.192278872
          ]
        },
        {
          "name": "H",
          "Z": 1,
          "coords": [
            -0.024442919,
            3.796616824,
            6.288088939
          ]
        },
        {
          "name": "H",
          "Z": 1,
          "coords": [
            -0.091230859,
            -0.878107372,
            6.370662222
          ]
        },
        {
          "name": "H",
          "Z": 1,
          "coords": [
            -0.090329189,
            -3.29451317,
            2.396137902
          ]
        },
        {
          "name": "H",
          "Z": 1,
          "coords": [
            -2.372165004,
            -3.108978666,
            -5.242090649
          ]
        },
        {
          "name": "H",
          "Z": 1,
          "coords": [
            -3.596649873,
            -0.286623708,
            -3.869021921
          ]
        },
        {
          "name": "H",
          "Z": 1,
          "coords": [
            -3.655022801,
            -3.173854612,
            -2.127541547
          ]
        },
        {
          "name": "H",
          "Z": 1,
          "coords": [
            2.139364129,
            -3.202818843,
            -5.247659844
          ]
        },
        {
          "name": "H",
          "Z": 1,
          "coords": [
            3.955876053,
            -1.71270825,
            -2.71579516
          ]
        }
      ]
    },
    "time": 51094,
    "isExpAvail": false,
    "hf": 37.2920947324132,
    "dipole": 0.04020021032605242,
    "ie": -9.185024703165027,
    "geomGradient": 0.0,
    "totalError": 80.85776767669316,
    "gradient": {
      "hf": [
        [
          -434.41466131991024,
          138.83187418363494,
          0.0,
          223.3182278535128,
          0.0,
          205.3624812723479,
          0.0,
          -230.611350690681
        ],
        [
          -2896.502084802036,
          168.0633174195452,
          287.04321570754104,
          250.92614145489966,
          586.5678438687199,
          1719.9093286270952,
          3070.572376902951,
          -207.5502156216129
        ]
      ],
      "total": [
        [
          -7812.595575475655,
          2496.778729075431,
          0.0,
          4016.197320666845,
          0.0,
          3693.2777721687667,
          0.0,
          -4147.35822356073
        ],
        [
          -52091.242278344456,
          3022.482542560359,
          5162.239575877449,
          4512.703269602744,
          10548.947238109766,
          30931.17522835204,
          55221.75539168499,
          -3732.622401204657
        ]
      ]
    },
    "hessian": [
      [
        386927.99692398694,
        -120621.1273347435,
        0.0,
        -194025.30258503248,
        0.0,
        -178424.83326148795,
        0.0,
        200361.77757901896,
        2516564.361358178,
        -146018.24638248218,
        -249391.40578680963,
        -218011.85237563914,
        -509627.0218928112,
        -1494306.7169951973,
        -2667801.6401274363,
        180325.5998174791
      ],
      [
        -120621.1273347435,
        38520.68524338392,
        0.0,
        62037.2911589584,
        0.0,
        56797.51206571382,
        0.0,
        -64033.155622382765,
        0.0,
        46660.00028464623,
        79700.44622197747,
        69698.73636080592,
        162816.48837320972,
        477062.50319606625,
        851812.0076769264,
        -57629.840057416004
      ],
      [
        0.0,
        0.0,
        0.0,
        0.0,
        0.0,
        0.0,
        0.0,
        0.0,
        0.0,
        0.0,
        0.0,
        0.0,
        0.0,
        0.0,
        0.0,
        0.0
      ],
      [
        -194025.30258503248,
        62037.2911589584,
        0.0,
        99404.2921001892,
        0.0,
        92227.75706803077,
        0.0,
        -102998.72168616275,
        0.0,
        0.0,
        0.0,
        112123.10297196382,
        262266.7247487698,
        768047.0674677053,
        1371168.8185139792,
        -92698.84952118446
      ],
      [
        0.0,
        0.0,
        0.0,
        0.0,
        0.0,
        0.0,
        0.0,
        0.0,
        0.0,
        0.0,
        0.0,
        0.0,
        0.0,
        0.0,
        0.0,
        0.0
      ],
      [
        -178424.83326148795,
        56797.51206571382,
        0.0,
        92227.75706803077,
        0.0,
        121266.81079735135,
        0.0,
        -94716.21722696,
        0.0,
        0.0,
        0.0,
        0.0,
        0.0,
        699411.8566217367,
        1260238.339600619,
        -85244.59550699248
      ],
      [
        0.0,
        0.0,
        0.0,
        0.0,
        0.0,
        0.0,
        0.0,
        0.0,
        0.0,
        0.0,
        0.0,
        0.0,
        0.0,
        0.0,
        0.0,
        0.0
      ],
      [
        200361.77757901896,
        -64033.155622382765,
        0.0,
        -102998.72168616275,
        0.0,
        -94716.21722696,
        0.0,
        106363.27451720717,
        0.0,
        0.0,
        0.0,
        0.0,
        0.0,
        0.0,
        0.0,
        95726.94706093898
      ],
      [
        2516564.361358178,
        0.0,
        0.0,
        0.0,
        0.0,
        0.0,
        0.0,
        0.0,
        1.685542105755303E7,
        -973591.2035876027,
        -1662842.0416327573,
        -1453615.7432848995,
        -3397988.9357397044,
        -9963438.893282728,
        -1.7787833192996915E7,
        1202338.9002069961
      ],
      [
        -146018.24638248218,
        46660.00028464623,
        0.0,
        0.0,
        0.0,
        0.0,
        0.0,
        0.0,
        -973591.2035876027,
        56476.06996262766,
        96476.35511100816,
        84384.54141469265,
        197128.18515472463,
        576462.181234092,
        1031075.7488332456,
        -69763.56062295963
      ],
      [
        -249391.40578680963,
        79700.44622197747,
        0.0,
        0.0,
        0.0,
        0.0,
        0.0,
        0.0,
        -1662842.0416327573,
        96476.35511100816,
        164769.35067657905,
        144079.0099059086,
        336705.01252345275,
        987116.4525611675,
        1758922.4406401627,
        -119151.31280602509
      ],
      [
        -218011.85237563914,
        69698.73636080592,
        0.0,
        112123.10297196382,
        0.0,
        0.0,
        0.0,
        0.0,
        -1453615.7432848995,
        84384.54141469265,
        144079.0099059086,
        125796.9965627126,
        294446.03043884854,
        863961.4502317272,
        1541556.6154842963,
        -104158.52771075151
      ],
      [
        -509627.0218928112,
        162816.48837320972,
        0.0,
        262266.7247487698,
        0.0,
        0.0,
        0.0,
        0.0,
        -3397988.9357397044,
        197128.18515472463,
        336705.01252345275,
        294446.03043884854,
        687759.1128431959,
        2016979.0643194574,
        3601850.82325188,
        -243484.53324819275
      ],
      [
        -1494306.7169951973,
        477062.50319606625,
        0.0,
        768047.0674677053,
        0.0,
        699411.8566217367,
        0.0,
        0.0,
        -9963438.893282728,
        576462.181234092,
        987116.4525611675,
        863961.4502317272,
        2016979.0643194574,
        5919485.993508715,
        1.0555598166902201E7,
        -713934.7729071233
      ],
      [
        -2667801.6401274363,
        851812.0076769264,
        0.0,
        1371168.8185139792,
        0.0,
        1260238.339600619,
        0.0,
        0.0,
        -1.7787833192996915E7,
        1031075.7488332456,
        1758922.4406401627,
        1541556.6154842963,
        3601850.82325188,
        1.0555598166902201E7,
        1.8846547797002133E7,
        -1274596.2086682995
      ],
      [
        180325.5998174791,
        -57629.840057416004,
        0.0,
        -92698.84952118446,
        0.0,
        -85244.59550699248,
        0.0,
        95726.94706093898,
        1202338.9002069961,
        -69763.56062295963,
        -119151.31280602509,
        -104158.52771075151,
        -243484.53324819275,
        -713934.7729071233,
        -1274596.2086682995,
        86154.20882961189
      ]
    ]
  },
  {
    "rawMolecule": {
      "index": 6,
      "name": "C1H2_0_RHF",
      "isUsing": true,
      "restricted": true,
      "charge": 0,
      "mult": 1,
      "nElectrons": 6,
      "datum": [
        99.8,
        0.0,
        0.0
      ],
      "mats": [
        1,
        6
      ],
      "mnps": [
        [
          0,
          1,
          3,
          5,
          7
        ],
        [
          0,
          1,
          2,
          3,
          4,
          5,
          6,
          7
        ]
      ],
      "atoms": [
        {
          "name": "C",
          "Z": 6,
          "coords": [
            0.61992032,
            -0.01886121,
            -0.041901654
          ]
        },
        {
          "name": "H",
          "Z": 1,
          "coords": [
            -0.656737723,
            -0.018861223,
            1.563732434
          ]
        },
        {
          "name": "H",
          "Z": 1,
          "coords": [
            -0.417040364,
            -0.018861234,
            -1.811823819
          ]
        }
      ],
      "expGeom": [
        {
          "name": "C",
          "Z": 6,
          "coords": [
            0.201634191,
            0.0,
            0.0
          ]
        },
        {
          "name": "H",
          "Z": 1,
          "coords": [
            -0.6050915459999999,
            0.0,
            1.8772577819999998
          ]
        },
        {
          "name": "H",
          "Z": 1,
          "coords": [
            -0.6050915459999999,
            0.0,
            -1.8772577819999998
          ]
        }
      ]
    },
    "time": 8837,
    "isExpAvail": true,
    "hf": 107.74273588322838,
    "dipole": 1.5008700077262471,
    "ie": -8.923879618268593,
    "geomGradient": 446.56762523028533,
    "totalError": 72.85876286201074,
    "gradient": {
      "hf": [
        [
          -79.31227972168165,
          27.11350161735728,
          0.0,
          49.16591847254792,
          0.0,
          21.040158172941425,
          0.0,
          -46.1222701381362
        ],
        [
          -113.63372150185774,
          11.03725910124174,
          17.410759585306653,
          36.555942257312175,
          52.64494968454855,
          119.76091694477985,
          153.460675621527,
          -23.0611350690681
        ]
      ],
      "geom": [
        [
          803.3260326101299,
          -79.56863100844203,
          0.0,
          -219.8017938326302,
          0.0,
          2488.099837592017,
          0.0,
          0.0
        ],
        [
          910.7582536671543,
          28.541198844322935,
          -112.78664828751062,
          -74.14641572722758,
          286.9405966521299,
          987.041100870556,
          -378.1133068514464,
          0.0
        ]
      ],
      "total": [
        [
          -1224.7565191825945,
          427.22855252226685,
          0.0,
          771.4044859884418,
          0.0,
          443.12111252735934,
          0.0,
          -732.6740200842544
        ],
        [
          -1765.2671898862673,
          176.58113421997876,
          271.6421769879784,
          577.4634725232729,
          848.8474231816847,
          1945.6551636924776,
          2421.2476200193014,
          -366.3370100421272
        ]
      ]
    },
    "hessian": [
      [
        13982.078635308426,
        -4300.867270785602,
        0.0,
        -7798.922197252978,
        0.0,
        -3337.485837278109,
        0.0,
        7316.124817862146,
        18025.09910248773,
        -1750.7803713101566,
        -2761.7740823870918,
        -5798.6702643120225,
        -8350.781992021439,
        -18997.022784787987,
        -24342.632186744595,
        3658.062408931073
      ],
      [
        -4300.867270785602,
        1464.1908109069846,
        0.0,
        2676.3283619857248,
        0.0,
        1123.587124993719,
        0.0,
        -2501.0043270867754,
        0.0,
        595.5092780141058,
        944.2154998851038,
        1988.0167712926777,
        2838.6678434344503,
        6392.612806394027,
        8169.127249857411,
        -1250.5021635433877
      ],
      [
        0.0,
        0.0,
        0.0,
        0.0,
        0.0,
        0.0,
        0.0,
        0.0,
        0.0,
        0.0,
        0.0,
        0.0,
        0.0,
        0.0,
        0.0,
        0.0
      ],
      [
        -7798.922197252978,
        2676.3283619857248,
        0.0,
        4760.899244047323,
        0.0,
        2211.6357035883993,
        0.0,
        -4535.698782319741,
        0.0,
        0.0,
        0.0,
        3589.3162907996157,
        5256.880804154207,
        11882.472663273802,
        15032.581804916845,
        -2267.8493911598707
      ],
      [
        0.0,
        0.0,
        0.0,
        0.0,
        0.0,
        0.0,
        0.0,
        0.0,
        0.0,
        0.0,
        0.0,
        0.0,
        0.0,
        0.0,
        0.0,
        0.0
      ],
      [
        -3337.485837278109,
        1123.587124993719,
        0.0,
        2211.6357035883993,
        0.0,
        7803.190964636997,
        0.0,
        -1940.8295747780357,
        0.0,
        0.0,
        0.0,
        0.0,
        0.0,
        3094.6310698709567,
        6496.052196780511,
        -970.4147873890179
      ],
      [
        0.0,
        0.0,
        0.0,
        0.0,
        0.0,
        0.0,
        0.0,
        0.0,
        0.0,
        0.0,
        0.0,
        0.0,
        0.0,
        0.0,
        0.0,
        0.0
      ],
      [
        7316.124817862146,
        -2501.0043270867754,
        0.0,
        -4535.698782319741,
        0.0,
        -1940.8295747780357,
        0.0,
        4254.527345892711,
        0.0,
        0.0,
        0.0,
        0.0,
        0.0,
        0.0,
        0.0,
        2127.2636729463557
      ],
      [
        18025.09910248773,
        0.0,
        0.0,
        0.0,
        0.0,
        0.0,
        0.0,
        0.0,
        27784.721721673122,
        -2508.409500592279,
        -3956.898569867917,
        -8307.97501635061,
        -11964.482371240592,
        -27217.75570535101,
        -34876.613221968,
        5241.0448796536
      ],
      [
        -1750.7803713101566,
        595.5092780141058,
        0.0,
        0.0,
        0.0,
        0.0,
        0.0,
        0.0,
        -2508.409500592279,
        234.88405503258036,
        388.0594618976829,
        818.1637531379238,
        1139.4189778002328,
        2481.7746361804893,
        3421.7658185298205,
        -508.9916345468737
      ],
      [
        -2761.7740823870918,
        944.2154998851038,
        0.0,
        0.0,
        0.0,
        0.0,
        0.0,
        0.0,
        -3956.898569867917,
        388.0594618976829,
        604.3070715122667,
        1268.1445650741807,
        1839.8329132196523,
        4209.834787616273,
        5169.7581056942,
        -803.02029118684
      ],
      [
        -5798.6702643120225,
        1988.0167712926777,
        0.0,
        3589.3162907996157,
        0.0,
        0.0,
        0.0,
        0.0,
        -8307.97501635061,
        818.1637531379238,
        1268.1445650741807,
        2654.7570030288625,
        3872.41341400113,
        8875.107394032966,
        11181.793342984747,
        -1686.0183018252428
      ],
      [
        -8350.781992021439,
        2838.6678434344503,
        0.0,
        5256.880804154207,
        0.0,
        0.0,
        0.0,
        0.0,
        -11964.482371240592,
        1139.4189778002328,
        1839.8329132196523,
        3872.41341400113,
        5439.734190986201,
        12385.204956899543,
        16254.526399279712,
        -2428.0998803760667
      ],
      [
        -18997.022784787987,
        6392.612806394027,
        0.0,
        11882.472663273802,
        0.0,
        3094.6310698709567,
        0.0,
        0.0,
        -27217.75570535101,
        2481.7746361804893,
        4209.834787616273,
        8875.107394032966,
        12385.204956899543,
        28099.98430620908,
        36922.30080559966,
        -5523.638043882784
      ],
      [
        -24342.632186744595,
        8169.127249857411,
        0.0,
        15032.581804916845,
        0.0,
        6496.052196780511,
        0.0,
        0.0,
        -34876.613221968,
        3421.7658185298205,
        5169.7581056942,
        11181.793342984747,
        16254.526399279712,
        36922.30080559966,
        46720.017007828574,
        -7077.951063365617
      ],
      [
        3658.062408931073,
        -1250.5021635433877,
        0.0,
        -2267.8493911598707,
        0.0,
        -970.4147873890179,
        0.0,
        2127.2636729463557,
        5241.0448796536,
        -508.9916345468737,
        -803.02029118684,
        -1686.0183018252428,
        -2428.0998803760667,
        -5523.638043882784,
        -7077.951063365617,
        1063.6315380452288
      ]
    ]
  },
  {
    "rawMolecule": {
      "index": 128,
      "name": "C8H10_0_RHF",
      "isUsing": true,
      "restricted": true,
      "charge": 0,
      "mult": 1,
      "nElectrons": 42,
      "datum": [
        7.2,
        0.0,
        8.8
      ],
      "mats": [
        1,
        6
      ],
      "mnps": [
        [
          0,
          1,
          3,
          5,
          7
        ],
        [
          0,
          1,
          2,
          3,
          4,
          5,
          6,
          7
        ]
      ],
      "atoms": [
        {
          "name": "C",
          "Z": 6,
          "coords": [
            -0.008833783,
            0.06309012,
            -2.33685E-4
          ]
        },
        {
          "name": "C",
          "Z": 6,
          "coords": [
            -0.023449949,
            5.367211982,
            6.11006E-4
          ]
        },
        {
          "name": "C",
          "Z": 6,
          "coords": [
            -0.010562278,
            1.38453705,
            2.276134481
          ]
        },
        {
          "name": "C",
          "Z": 6,
          "coords": [
            -0.010066649,
            1.385264576,
            -2.276182874
          ]
        },
        {
          "name": "C",
          "Z": 6,
          "coords": [
            -0.016562846,
            4.015892146,
            2.279790563
          ]
        },
        {
          "name": "C",
          "Z": 6,
          "coords": [
            -0.016066248,
            4.016617826,
            -2.279000657
          ]
        },
        {
          "name": "H",
          "Z": 1,
          "coords": [
            -0.004385152,
            -1.977624089,
            -5.59398E-4
          ]
        },
        {
          "name": "H",
          "Z": 1,
          "coords": [
            -0.005971111,
            0.36793958,
            4.046221616
          ]
        },
        {
          "name": "H",
          "Z": 1,
          "coords": [
            -0.005090143,
            0.369230799,
            -4.04659262
          ]
        },
        {
          "name": "H",
          "Z": 1,
          "coords": [
            -0.010590946,
            5.017315835,
            4.060582639
          ]
        },
        {
          "name": "H",
          "Z": 1,
          "coords": [
            -0.009706385,
            5.018611128,
            -4.059471136
          ]
        },
        {
          "name": "C",
          "Z": 6,
          "coords": [
            -0.007805363,
            8.200039682,
            0.001063086
          ]
        },
        {
          "name": "C",
          "Z": 6,
          "coords": [
            -2.613558987,
            9.376190014,
            9.60514E-4
          ]
        },
        {
          "name": "H",
          "Z": 1,
          "coords": [
            1.026062464,
            8.872011184,
            -1.677064213
          ]
        },
        {
          "name": "H",
          "Z": 1,
          "coords": [
            1.025689601,
            8.871478427,
            1.679633093
          ]
        },
        {
          "name": "H",
          "Z": 1,
          "coords": [
            -3.680369935,
            8.809498011,
            -1.68348997
          ]
        },
        {
          "name": "H",
          "Z": 1,
          "coords": [
            -2.429359305,
            11.4414176,
            0.001274226
          ]
        },
        {
          "name": "H",
          "Z": 1,
          "coords": [
            -3.680718061,
            8.809017177,
            1.685028648
          ]
        }
      ],
      "expGeom": [
        {
          "name": "C",
          "Z": 6,
          "coords": [
            0.0,
            -0.43917325199999996,
            0.9259677
          ]
        },
        {
          "name": "C",
          "Z": 6,
          "coords": [
            2.269187784,
            -0.442763739,
            -0.429346656
          ]
        },
        {
          "name": "C",
          "Z": 6,
          "coords": [
            2.274856974,
            -0.442763739,
            -3.062307465
          ]
        },
        {
          "name": "C",
          "Z": 6,
          "coords": [
            0.0,
            -0.44162990099999994,
            -4.389464844
          ]
        },
        {
          "name": "C",
          "Z": 6,
          "coords": [
            -2.274856974,
            -0.442763739,
            -3.062307465
          ]
        },
        {
          "name": "C",
          "Z": 6,
          "coords": [
            -2.269187784,
            -0.442763739,
            -0.429346656
          ]
        },
        {
          "name": "C",
          "Z": 6,
          "coords": [
            0.0,
            -0.36849735,
            3.7856961089999994
          ]
        },
        {
          "name": "C",
          "Z": 6,
          "coords": [
            0.0,
            2.341186497,
            4.843000044
          ]
        },
        {
          "name": "H",
          "Z": 1,
          "coords": [
            4.05158112,
            -0.454102119,
            0.5905406249999999
          ]
        },
        {
          "name": "H",
          "Z": 1,
          "coords": [
            4.0580062020000005,
            -0.452968281,
            -4.077092475000001
          ]
        },
        {
          "name": "H",
          "Z": 1,
          "coords": [
            0.0,
            -0.44881087499999994,
            -6.440199839999999
          ]
        },
        {
          "name": "H",
          "Z": 1,
          "coords": [
            -4.0580062020000005,
            -0.452968281,
            -4.077092475000001
          ]
        },
        {
          "name": "H",
          "Z": 1,
          "coords": [
            -4.05158112,
            -0.454102119,
            0.5905406249999999
          ]
        },
        {
          "name": "H",
          "Z": 1,
          "coords": [
            -1.660505751,
            -1.3795028999999999,
            4.499636102999999
          ]
        },
        {
          "name": "H",
          "Z": 1,
          "coords": [
            1.660505751,
            -1.3795028999999999,
            4.499636102999999
          ]
        },
        {
          "name": "H",
          "Z": 1,
          "coords": [
            1.6691985089999999,
            3.383561565,
            4.206161034
          ]
        },
        {
          "name": "H",
          "Z": 1,
          "coords": [
            -1.6691985089999999,
            3.383561565,
            4.206161034
          ]
        },
        {
          "name": "H",
          "Z": 1,
          "coords": [
            0.0,
            2.3287142789999997,
            6.911876447999999
          ]
        }
      ]
    },
    "time": 80386,
    "isExpAvail": true,
    "hf": 12.297477073703135,
    "dipole": 0.04336795904723441,
    "ie": -9.139138410067236,
    "geomGradient": 547.3231562923952,
    "totalError": 52.16432786850192,
    "gradient": {
      "hf": [
        [
          -436.2962396173078,
          138.02204960821942,
          0.0,
          225.12511442511882,
          0.0,
          196.03957221320366,
          0.0,
          -230.611350690681
        ],
        [
          -2578.5146458007803,
          151.0190401070499,
          258.8356243260658,
          222.7174742267166,
          520.7250842490249,
          1568.7058398717372,
          2767.348599727544,
          -184.4890805525448
        ]
      ],
      "ie": [
        [
          0.0,
          0.05301056615780464,
          0.0,
          -0.5125955312713301,
          0.0,
          1.0688654299657727,
          0.0,
          0.0
        ],
        [
          0.0,
          -0.026176485722252937,
          -0.14598706178021797,
          0.11589932679568923,
          -0.6033037954511741,
          -0.6770299080943581,
          -2.8131207170628265,
          0.0
        ]
      ],
      "geom": [
        [
          115.90925737436919,
          30.5954620216653,
          0.0,
          -27.1196859102929,
          0.0,
          43.03642867853341,
          0.0,
          0.0
        ],
        [
          -408.954252861804,
          3.7794495710841147,
          -6.821518354627187,
          11.290408110653516,
          15.829855328775011,
          -878.5751435880229,
          -1236.4549843368877,
          0.0
        ]
      ],
      "total": [
        [
          -8889.823212750676,
          2819.493587272873,
          0.0,
          4554.057634545939,
          0.0,
          4072.0359378104167,
          0.0,
          -4702.14429232584
        ],
        [
          -52597.61251768959,
          3077.691609069858,
          5267.366789088788,
          4549.655648995186,
          10577.465093196239,
          31892.72212418018,
          56168.85614718534,
          -3761.715433860672
        ]
      ]
    },
    "hessian": [
      [
        772379.5183483162,
        -240873.88155749068,
        0.0,
        -392884.76226829516,
        0.0,
        -342125.1374857093,
        0.0,
        402459.2543737526,
        4499982.670604368,
        -263556.02226431074,
        -451715.8069575089,
        -388682.98696797865,
        -908761.1191534961,
        -2737680.4340383387,
        -4829532.677831594,
        321967.4034971831
      ],
      [
        -240873.88155749068,
        76169.06604653195,
        0.0,
        124314.92112227716,
        0.0,
        107955.99672292155,
        0.0,
        -127318.53611512634,
        0.0,
        83370.15175584384,
        142898.099093145,
        122988.86200369452,
        287423.46627041115,
        865520.8137133741,
        1526904.6436151257,
        -101854.82889482955
      ],
      [
        0.0,
        0.0,
        0.0,
        0.0,
        0.0,
        0.0,
        0.0,
        0.0,
        0.0,
        0.0,
        0.0,
        0.0,
        0.0,
        0.0,
        0.0,
        0.0
      ],
      [
        -392884.76226829516,
        124314.92112227716,
        0.0,
        202407.06225195026,
        0.0,
        177001.16740797966,
        0.0,
        -207669.2480568454,
        0.0,
        0.0,
        0.0,
        200601.156857374,
        469305.0700916501,
        1412598.3289341093,
        2492045.544058783,
        -166135.39844456682
      ],
      [
        0.0,
        0.0,
        0.0,
        0.0,
        0.0,
        0.0,
        0.0,
        0.0,
        0.0,
        0.0,
        0.0,
        0.0,
        0.0,
        0.0,
        0.0,
        0.0
      ],
      [
        -342125.1374857093,
        107955.99672292155,
        0.0,
        177001.16740797966,
        0.0,
        195095.66741817252,
        0.0,
        -180832.92364281078,
        0.0,
        0.0,
        0.0,
        0.0,
        0.0,
        1221769.8375388863,
        2169503.478362458,
        -144666.33891061065
      ],
      [
        0.0,
        0.0,
        0.0,
        0.0,
        0.0,
        0.0,
        0.0,
        0.0,
        0.0,
        0.0,
        0.0,
        0.0,
        0.0,
        0.0,
        0.0,
        0.0
      ],
      [
        402459.2543737526,
        -127318.53611512634,
        0.0,
        -207669.2480568454,
        0.0,
        -180832.92364281078,
        0.0,
        212726.40391543973,
        0.0,
        0.0,
        0.0,
        0.0,
        0.0,
        0.0,
        0.0,
        170181.1231305328
      ],
      [
        4499982.670604368,
        0.0,
        0.0,
        0.0,
        0.0,
        0.0,
        0.0,
        0.0,
        2.6671649950149003E7,
        -1557618.780784651,
        -2669645.0282088337,
        -2297120.4188525006,
        -5370787.486663176,
        -1.6179719298852434E7,
        -2.8542587403935615E7,
        1902830.6398649875
      ],
      [
        -263556.02226431074,
        83370.15175584384,
        0.0,
        0.0,
        0.0,
        0.0,
        0.0,
        0.0,
        -1557618.780784651,
        91212.89752783923,
        156351.74810995522,
        134581.07644510164,
        314528.4757374611,
        945947.0061483444,
        1670701.4894927852,
        -111446.78147047671
      ],
      [
        -451715.8069575089,
        142898.099093145,
        0.0,
        0.0,
        0.0,
        0.0,
        0.0,
        0.0,
        -2669645.0282088337,
        156351.74810995522,
        267970.30393026944,
        230613.18523105,
        539114.4891655131,
        1623897.4522639182,
        2861346.310164663,
        -191010.05620086653
      ],
      [
        -388682.98696797865,
        122988.86200369452,
        0.0,
        200601.156857374,
        0.0,
        0.0,
        0.0,
        0.0,
        -2297120.4188525006,
        134581.07644510164,
        230613.18523105,
        198286.3022294623,
        463971.0377341544,
        1398357.370562735,
        2465923.0982069857,
        -164358.3829036288
      ],
      [
        -908761.1191534961,
        287423.46627041115,
        0.0,
        469305.0700916501,
        0.0,
        0.0,
        0.0,
        0.0,
        -5370787.486663176,
        314528.4757374611,
        539114.4891655131,
        463971.0377341544,
        1084301.6003309458,
        3266852.51598974,
        5764195.53712185,
        -384276.4779437857
      ],
      [
        -2737680.4340383387,
        865520.8137133741,
        0.0,
        1412598.3289341093,
        0.0,
        1221769.8375388863,
        0.0,
        0.0,
        -1.6179719298852434E7,
        945947.0061483444,
        1623897.4522639182,
        1398357.370562735,
        3266852.51598974,
        9845876.352665072,
        1.7357871315689407E7,
        -1157638.10194494
      ],
      [
        -4829532.677831594,
        1526904.6436151257,
        0.0,
        2492045.544058783,
        0.0,
        2169503.478362458,
        0.0,
        0.0,
        -2.8542587403935615E7,
        1670701.4894927852,
        2861346.310164663,
        2465923.0982069857,
        5764195.53712185,
        1.7357871315689407E7,
        3.062459602406307E7,
        -2042184.157335214
      ],
      [
        321967.4034971831,
        -101854.82889482955,
        0.0,
        -166135.39844456682,
        0.0,
        -144666.33891061065,
        0.0,
        170181.1231305328,
        1902830.6398649875,
        -111446.78147047671,
        -191010.05620086653,
        -164358.3829036288,
        -384276.4779437857,
        -1157638.10194494,
        -2042184.157335214,
        136144.9139767501
      ]
    ]
  },
  {
    "rawMolecule": {
      "index": 120,
      "name": "C7H16_0_RHF",
      "isUsing": true,
      "restricted": true,
      "charge": 0,
      "mult": 1,
      "nElectrons": 44,
      "datum": [
        -46.6,
        0.0,
        0.0
      ],
      "mats": [
        1,
        6
      ],
      "mnps": [
        [
          0,
          1,
          3,
          5,
          7
        ],
        [
          0,
          1,
          2,
          3,
          4,
          5,
          6,
          7
        ]
      ],
      "atoms": [
        {
          "name": "C",
          "Z": 6,
          "coords": [
            -7.97681E-4,
            0.070771167,
            0.136699298
          ]
        },
        {
          "name": "C",
          "Z": 6,
          "coords": [
            -0.017601286,
            2.946035841,
            0.051511934
          ]
        },
        {
          "name": "C",
          "Z": 6,
          "coords": [
            -0.004472554,
            4.145347407,
            2.692102895
          ]
        },
        {
          "name": "C",
          "Z": 6,
          "coords": [
            -2.518176103,
            3.955725708,
            4.075419968
          ]
        },
        {
          "name": "C",
          "Z": 6,
          "coords": [
            -2.460611606,
            5.190969285,
            6.670948704
          ]
        },
        {
          "name": "C",
          "Z": 6,
          "coords": [
            -4.942232818,
            5.027359398,
            8.070837957
          ]
        },
        {
          "name": "C",
          "Z": 6,
          "coords": [
            2.147171275,
            3.960003551,
            -1.551191661
          ]
        },
        {
          "name": "H",
          "Z": 1,
          "coords": [
            1.725427181,
            -0.637285823,
            1.042004965
          ]
        },
        {
          "name": "H",
          "Z": 1,
          "coords": [
            -1.639382493,
            -0.621988834,
            1.203058691
          ]
        },
        {
          "name": "H",
          "Z": 1,
          "coords": [
            -0.101673148,
            -0.691231685,
            -1.788991051
          ]
        },
        {
          "name": "H",
          "Z": 1,
          "coords": [
            -1.791153227,
            3.524694644,
            -0.894224817
          ]
        },
        {
          "name": "H",
          "Z": 1,
          "coords": [
            1.481752112,
            3.250019894,
            3.842533157
          ]
        },
        {
          "name": "H",
          "Z": 1,
          "coords": [
            0.481742334,
            6.160705768,
            2.487191224
          ]
        },
        {
          "name": "H",
          "Z": 1,
          "coords": [
            -3.995036525,
            4.866298185,
            2.923855425
          ]
        },
        {
          "name": "H",
          "Z": 1,
          "coords": [
            -3.031625163,
            1.948693944,
            4.293354865
          ]
        },
        {
          "name": "H",
          "Z": 1,
          "coords": [
            -0.984618,
            4.282158284,
            7.824634434
          ]
        },
        {
          "name": "H",
          "Z": 1,
          "coords": [
            -1.947510446,
            7.197792534,
            6.458633105
          ]
        },
        {
          "name": "H",
          "Z": 1,
          "coords": [
            -6.452198108,
            5.971765434,
            7.008592151
          ]
        },
        {
          "name": "H",
          "Z": 1,
          "coords": [
            -5.486662389,
            3.050230335,
            8.378809804
          ]
        },
        {
          "name": "H",
          "Z": 1,
          "coords": [
            -4.755196627,
            5.954391283,
            9.915652924
          ]
        },
        {
          "name": "H",
          "Z": 1,
          "coords": [
            2.028774096,
            6.026210926,
            -1.678974027
          ]
        },
        {
          "name": "H",
          "Z": 1,
          "coords": [
            3.983969108,
            3.450341574,
            -0.734908747
          ]
        },
        {
          "name": "H",
          "Z": 1,
          "coords": [
            2.032904637,
            3.175099567,
            -3.466885869
          ]
        }
      ]
    },
    "time": 27023,
    "isExpAvail": false,
    "hf": -48.51853175036628,
    "dipole": 0.017655314497566882,
    "ie": -11.530858834890584,
    "geomGradient": 0.0,
    "totalError": 3.680764077163492,
    "gradient": {
      "hf": [
        [
          -700.1680199052747,
          216.10785442095792,
          0.0,
          371.6669896211389,
          0.0,
          263.1050917232549,
          0.0,
          -368.9781611050896
        ],
        [
          -2144.8916360625067,
          141.7463333135206,
          238.05020120897487,
          192.9073444252294,
          450.11560899262804,
          1591.4028059263737,
          2475.2759057949665,
          -161.4279454834767
        ]
      ],
      "total": [
        [
          2686.5891535587143,
          -829.219560420282,
          0.0,
          -1426.1098403024173,
          0.0,
          -1009.5509443081922,
          0.0,
          1415.7926345437556
        ],
        [
          8230.085409761978,
          -543.889681919981,
          -913.4137384009981,
          -740.1977303172914,
          -1727.1221743756191,
          -6106.313621583462,
          -9497.790832368579,
          619.4092776128931
        ]
      ]
    },
    "hessian": [
      [
        977080.8967505218,
        -302623.73690220556,
